started
112,50,5,23:03:29
113,50,5,23:03:30
114,50,5,23:03:31
115,50,5,23:03:33
116,50,5,23:03:34
117,50,5,23:03:35
118,50,5,23:03:36
119,50,5,23:03:37
120,50,6,23:03:39
121,50,6,23:03:40
122,50,6,23:03:41
123,50,6,23:03:42
124,50,6,23:03:43
125,50,6,23:03:45
126,49,6,23:03:46
127,121,6,23:03:46
128,78,6,23:03:47
129,242,6,23:03:47
130,229,6,23:03:48
131,229,6,23:03:48
132,240,6,23:03:48
133,111,6,23:03:49
134,216,6,23:03:49
135,224,6,23:03:49
136,227,6,23:03:49
0,1,0,23:03:50
1,247,0,23:03:50
2,226,0,23:03:50
3,118,0,23:03:50
4,230,0,23:03:51
5,224,0,23:03:51
7,221,0,23:03:52
8,115,0,23:03:52
9,233,0,23:03:52
10,219,0,23:03:53
11,238,0,23:03:53
12,232,0,23:03:54
13,79,0,23:03:54
14,226,0,23:03:54
15,230,0,23:03:54
16,240,0,23:03:55
17,229,0,23:03:55
18,58,0,23:03:56
19,236,0,23:03:56
20,219,1,23:03:56
21,220,1,23:03:57
22,116,1,23:03:57
23,237,1,23:03:57
24,112,1,23:03:58
25,111,1,23:03:58
26,238,1,23:03:59
27,109,1,23:03:59
28,219,1,23:04:00
0,1,0,23:04:00
1,230,0,23:04:00
2,238,0,23:04:00
3,223,0,23:04:01
4,223,0,23:04:01
5,223,0,23:04:01
6,233,0,23:04:01
7,231,0,23:04:02
8,229,0,23:04:02
9,238,0,23:04:02
10,220,0,23:04:02
11,230,0,23:04:03
12,225,0,23:04:03
13,222,0,23:04:03
14,109,0,23:04:04
15,243,0,23:04:04
16,80,0,23:04:05
17,222,0,23:04:05
18,240,0,23:04:05
19,229,0,23:04:05
20,238,1,23:04:06
21,233,1,23:04:06
22,239,1,23:04:06
23,221,1,23:04:07
24,227,1,23:04:07
25,236,1,23:04:07
26,240,1,23:04:07
27,245,1,23:04:08
28,229,1,23:04:08
29,280,1,23:04:08
30,264,1,23:04:08
31,229,1,23:04:09
32,240,1,23:04:09
33,2,1,23:04:33
35,9,1,23:04:39
36,273,1,23:04:39
37,230,1,23:04:40
38,224,1,23:04:40
39,225,1,23:04:40
40,73,2,23:04:41
41,228,2,23:04:41
42,216,2,23:04:42
43,230,2,23:04:42
44,233,2,23:04:42
45,240,2,23:04:42
46,112,2,23:04:43
47,246,2,23:04:43
48,111,2,23:04:44
49,225,2,23:04:44
50,235,2,23:04:44
51,73,2,23:04:45
52,209,2,23:04:45
53,200,2,23:04:46
54,77,2,23:04:46
55,142,2,23:04:47
56,131,2,23:04:47
57,23,2,23:04:50
58,42,2,23:04:51
59,33,2,23:04:53
60,17,3,23:04:56
61,18,3,23:05:00
62,18,3,23:05:03
63,37,3,23:05:04
64,39,3,23:05:06
65,37,3,23:05:08
66,36,3,23:05:09
67,35,3,23:05:11
68,34,3,23:05:13
69,28,3,23:05:15
70,30,3,23:05:17
71,38,3,23:05:18
monitoring,undefined,undefined,23:05:19
72,47,3,23:05:20
73,38,3,23:05:21
74,38,3,23:05:23
75,37,3,23:05:24
76,37,3,23:05:26
77,36,3,23:05:28
78,36,3,23:05:29
79,35,3,23:05:31
80,35,4,23:05:33
81,34,4,23:05:34
rate_ok,undefined,undefined,23:05:34
82,34,4,23:05:36
rate_err,undefined,undefined,23:05:38
83,33,4,23:05:38
84,23,4,23:05:40
85,29,4,23:05:42
86,35,4,23:05:44
87,53,4,23:05:45
88,55,4,23:05:46
89,56,4,23:05:47
90,46,4,23:05:49
91,39,4,23:05:50
92,35,4,23:05:52
93,37,4,23:05:53
94,38,4,23:05:55
95,44,4,23:05:56
96,44,4,23:05:58
97,44,4,23:05:59
98,44,4,23:06:00
99,44,4,23:06:02
100,44,5,23:06:03
101,44,5,23:06:04
102,44,5,23:06:06
103,44,5,23:06:07
104,44,5,23:06:08
105,44,5,23:06:10
106,44,5,23:06:11
107,44,5,23:06:13
108,43,5,23:06:14
109,43,5,23:06:15
110,43,5,23:06:17
111,43,5,23:06:18
112,43,5,23:06:19
113,43,5,23:06:21
114,42,5,23:06:22
115,42,5,23:06:24
116,42,5,23:06:25
117,42,5,23:06:26
118,42,5,23:06:28
119,41,5,23:06:29
120,41,6,23:06:31
121,41,6,23:06:32
122,41,6,23:06:34
123,41,6,23:06:35
124,40,6,23:06:37
125,40,6,23:06:38
126,40,6,23:06:39
127,40,6,23:06:41
128,40,6,23:06:43
129,40,6,23:06:44
130,39,6,23:06:46
131,39,6,23:06:47
132,39,6,23:06:49
133,39,6,23:06:50
134,39,6,23:06:52
135,39,6,23:06:53
136,38,6,23:06:55
137,38,6,23:06:56
138,38,6,23:06:58
139,38,6,23:06:59
140,38,7,23:07:01
141,38,7,23:07:02
142,37,7,23:07:04
143,37,7,23:07:06
144,37,7,23:07:07
145,37,7,23:07:09
146,37,7,23:07:10
147,37,7,23:07:12
148,36,7,23:07:14
149,36,7,23:07:15
150,36,7,23:07:17
151,36,7,23:07:19
152,36,7,23:07:20
153,36,7,23:07:22
154,36,7,23:07:24
155,35,7,23:07:25
156,35,7,23:07:27
157,35,7,23:07:29
158,35,7,23:07:30
159,35,7,23:07:32
160,35,8,23:07:34
161,35,8,23:07:35
rate_ok,undefined,undefined,23:07:37
162,34,8,23:07:37
163,34,8,23:07:39
164,34,8,23:07:41
165,34,8,23:07:42
166,34,8,23:07:44
rate_err,undefined,undefined,23:07:47
167,18,8,23:07:47
168,42,8,23:07:49
169,44,8,23:07:50
170,44,8,23:07:51
171,44,8,23:07:53
172,44,8,23:07:54
173,44,8,23:07:55
174,44,8,23:07:57
175,44,8,23:07:58
176,44,8,23:07:59
177,44,8,23:08:01
178,44,8,23:08:02
179,45,8,23:08:03
180,45,9,23:08:05
181,45,9,23:08:06
182,44,9,23:08:07
183,44,9,23:08:09
184,44,9,23:08:10
185,44,9,23:08:11
186,44,9,23:08:13
187,44,9,23:08:14
188,44,9,23:08:15
189,44,9,23:08:17
190,44,9,23:08:18
191,44,9,23:08:19
192,44,9,23:08:21
193,44,9,23:08:22
194,44,9,23:08:24
195,44,9,23:08:25
196,44,9,23:08:26
197,44,9,23:08:28
198,44,9,23:08:29
199,44,9,23:08:30
200,44,10,23:08:32
201,43,10,23:08:33
202,43,10,23:08:34
203,43,10,23:08:36
204,43,10,23:08:37
205,43,10,23:08:38
206,43,10,23:08:40
207,43,10,23:08:41
208,43,10,23:08:43
209,43,10,23:08:44
210,43,10,23:08:45
211,43,10,23:08:47
212,43,10,23:08:48
213,43,10,23:08:50
214,43,10,23:08:51
215,43,10,23:08:52
216,42,10,23:08:54
217,42,10,23:08:55
218,42,10,23:08:57
219,42,10,23:08:58
220,42,11,23:08:59
221,42,11,23:09:01
222,42,11,23:09:02
223,42,11,23:09:04
224,42,11,23:09:05
225,42,11,23:09:06
226,42,11,23:09:08
227,42,11,23:09:09
228,41,11,23:09:11
229,41,11,23:09:12
230,41,11,23:09:14
231,41,11,23:09:15
232,41,11,23:09:16
233,41,11,23:09:18
234,41,11,23:09:19
235,41,11,23:09:21
236,41,11,23:09:22
237,41,11,23:09:24
238,41,11,23:09:25
239,41,11,23:09:27
240,41,12,23:09:28
241,41,12,23:09:29
242,41,12,23:09:31
243,41,12,23:09:32
244,41,12,23:09:34
245,41,12,23:09:35
246,40,12,23:09:37
247,40,12,23:09:38
248,40,12,23:09:40
249,40,12,23:09:41
250,40,12,23:09:43
251,40,12,23:09:44
252,40,12,23:09:46
253,41,12,23:09:47
254,40,12,23:09:48
255,40,12,23:09:50
256,40,12,23:09:51
257,50,12,23:09:53
258,37,12,23:09:54
259,41,12,23:09:56
260,41,13,23:09:57
261,2,13,23:10:17
262,284,13,23:10:17
263,40,13,23:10:19
264,38,13,23:10:20
265,38,13,23:10:22
266,38,13,23:10:24
267,38,13,23:10:25
268,38,13,23:10:27
269,46,13,23:10:28
270,54,13,23:10:29
271,56,13,23:10:30
272,57,13,23:10:31
273,28,13,23:10:33
274,54,13,23:10:34
275,55,13,23:10:35
276,48,13,23:10:37
277,40,13,23:10:38
278,40,13,23:10:40
279,38,13,23:10:41
280,39,14,23:10:43
281,39,14,23:10:44
282,39,14,23:10:46
283,39,14,23:10:47
284,39,14,23:10:49
285,39,14,23:10:50
286,39,14,23:10:52
287,39,14,23:10:53
288,40,14,23:10:55
289,40,14,23:10:56
290,40,14,23:10:58
291,40,14,23:10:59
292,40,14,23:11:01
293,40,14,23:11:02
294,40,14,23:11:04
295,40,14,23:11:05
296,40,14,23:11:07
297,40,14,23:11:08
298,39,14,23:11:10
299,39,14,23:11:11
300,39,15,23:11:13
301,39,15,23:11:14
302,39,15,23:11:16
303,39,15,23:11:17
304,39,15,23:11:19
305,39,15,23:11:20
306,39,15,23:11:22
307,39,15,23:11:23
308,39,15,23:11:25
309,39,15,23:11:26
310,39,15,23:11:28
311,39,15,23:11:29
312,39,15,23:11:31
313,39,15,23:11:33
314,39,15,23:11:34
315,39,15,23:11:36
316,39,15,23:11:37
317,39,15,23:11:39
318,39,15,23:11:40
319,39,15,23:11:42
320,39,16,23:11:43
321,39,16,23:11:45
322,39,16,23:11:46
323,39,16,23:11:48
324,38,16,23:11:49
325,38,16,23:11:51
326,38,16,23:11:52
327,38,16,23:11:54
328,38,16,23:11:56
329,38,16,23:11:57
330,38,16,23:11:59
331,38,16,23:12:00
332,38,16,23:12:02
333,38,16,23:12:03
334,38,16,23:12:05
335,38,16,23:12:06
336,38,16,23:12:08
337,38,16,23:12:09
338,38,16,23:12:11
339,38,16,23:12:13
340,38,17,23:12:14
341,38,17,23:12:16
342,38,17,23:12:17
343,38,17,23:12:19
344,38,17,23:12:20
345,38,17,23:12:22
346,38,17,23:12:24
347,38,17,23:12:25
348,38,17,23:12:27
349,38,17,23:12:28
350,38,17,23:12:30
351,38,17,23:12:32
352,38,17,23:12:33
353,38,17,23:12:35
354,38,17,23:12:36
355,37,17,23:12:38
356,37,17,23:12:39
357,37,17,23:12:41
358,37,17,23:12:42
359,37,17,23:12:44
360,37,18,23:12:46
361,37,18,23:12:47
362,37,18,23:12:49
363,37,18,23:12:50
364,37,18,23:12:52
365,37,18,23:12:54
366,37,18,23:12:55
367,37,18,23:12:57
368,37,18,23:12:59
369,37,18,23:13:00
370,37,18,23:13:02
371,37,18,23:13:03
372,37,18,23:13:05
373,37,18,23:13:06
374,37,18,23:13:08
375,37,18,23:13:10
376,37,18,23:13:11
377,37,18,23:13:13
378,37,18,23:13:15
379,37,18,23:13:16
380,37,19,23:13:18
381,37,19,23:13:19
382,37,19,23:13:21
383,37,19,23:13:23
384,36,19,23:13:24
385,36,19,23:13:26
386,36,19,23:13:27
387,36,19,23:13:29
388,36,19,23:13:31
389,36,19,23:13:32
390,18,19,23:13:36
391,20,19,23:13:39
392,20,19,23:13:41
393,39,19,23:13:43
394,39,19,23:13:44
395,39,19,23:13:46
396,39,19,23:13:47
397,39,19,23:13:49
398,39,19,23:13:50
399,40,19,23:13:52
400,40,20,23:13:53
401,40,20,23:13:55
402,40,20,23:13:57
403,40,20,23:13:58
404,40,20,23:13:59
405,40,20,23:14:01
406,40,20,23:14:02
407,40,20,23:14:04
408,40,20,23:14:05
409,40,20,23:14:07
410,40,20,23:14:08
411,40,20,23:14:10
412,40,20,23:14:11
413,40,20,23:14:13
414,40,20,23:14:14
415,40,20,23:14:16
416,40,20,23:14:17
417,40,20,23:14:19
418,40,20,23:14:20
419,40,20,23:14:22
420,40,21,23:14:23
421,40,21,23:14:25
422,40,21,23:14:26
423,40,21,23:14:28
424,40,21,23:14:29
425,40,21,23:14:31
426,40,21,23:14:32
427,40,21,23:14:34
428,40,21,23:14:35
429,40,21,23:14:37
430,40,21,23:14:38
431,39,21,23:14:40
432,39,21,23:14:41
433,39,21,23:14:43
434,39,21,23:14:44
435,39,21,23:14:46
436,39,21,23:14:47
437,39,21,23:14:49
438,39,21,23:14:50
439,39,21,23:14:52
440,39,22,23:14:53
441,39,22,23:14:55
442,39,22,23:14:56
443,39,22,23:14:58
444,39,22,23:14:59
445,39,22,23:15:01
446,39,22,23:15:02
447,39,22,23:15:04
448,39,22,23:15:05
449,39,22,23:15:07
450,39,22,23:15:08
451,39,22,23:15:10
452,39,22,23:15:11
453,39,22,23:15:13
454,39,22,23:15:14
455,39,22,23:15:16
456,39,22,23:15:17
457,39,22,23:15:19
458,39,22,23:15:20
459,39,22,23:15:22
460,39,23,23:15:23
461,39,23,23:15:25
462,39,23,23:15:27
463,39,23,23:15:28
464,39,23,23:15:30
465,39,23,23:15:31
466,39,23,23:15:33
467,39,23,23:15:34
468,39,23,23:15:36
469,39,23,23:15:37
470,39,23,23:15:39
471,39,23,23:15:40
472,39,23,23:15:42
473,39,23,23:15:43
474,39,23,23:15:45
475,39,23,23:15:46
476,39,23,23:15:48
477,39,23,23:15:49
478,39,23,23:15:51
479,39,23,23:15:52
480,39,24,23:15:54
481,39,24,23:15:56
482,39,24,23:15:57
483,39,24,23:15:59
484,39,24,23:16:00
485,39,24,23:16:02
486,39,24,23:16:03
487,39,24,23:16:05
488,39,24,23:16:06
489,39,24,23:16:08
490,39,24,23:16:09
491,38,24,23:16:11
492,38,24,23:16:12
493,38,24,23:16:14
494,38,24,23:16:16
495,38,24,23:16:17
496,38,24,23:16:19
497,38,24,23:16:20
498,38,24,23:16:22
499,38,24,23:16:23
500,38,25,23:16:25
501,38,25,23:16:26
502,38,25,23:16:28
503,38,25,23:16:29
504,38,25,23:16:31
505,38,25,23:16:32
506,38,25,23:16:34
507,38,25,23:16:36
508,38,25,23:16:37
509,38,25,23:16:39
510,38,25,23:16:40
511,38,25,23:16:42
512,38,25,23:16:43
513,38,25,23:16:45
514,38,25,23:16:47
515,38,25,23:16:48
516,38,25,23:16:50
517,38,25,23:16:51
518,38,25,23:16:53
519,38,25,23:16:54
520,38,26,23:16:56
521,38,26,23:16:57
522,38,26,23:16:59
523,38,26,23:17:01
524,38,26,23:17:02
525,38,26,23:17:04
526,38,26,23:17:05
527,38,26,23:17:07
528,38,26,23:17:08
529,38,26,23:17:10
530,38,26,23:17:12
531,38,26,23:17:13
532,38,26,23:17:15
533,38,26,23:17:16
534,38,26,23:17:18
535,38,26,23:17:19
536,38,26,23:17:21
537,38,26,23:17:23
538,38,26,23:17:24
539,38,26,23:17:26
540,38,27,23:17:27
541,38,27,23:17:29
542,38,27,23:17:30
543,38,27,23:17:32
544,38,27,23:17:34
545,38,27,23:17:35
546,37,27,23:17:37
547,38,27,23:17:38
548,38,27,23:17:40
549,38,27,23:17:42
550,38,27,23:17:43
551,37,27,23:17:45
552,37,27,23:17:46
553,37,27,23:17:48
554,37,27,23:17:49
555,37,27,23:17:51
556,37,27,23:17:53
557,37,27,23:17:54
558,37,27,23:17:56
559,37,27,23:17:57
560,37,28,23:17:59
561,37,28,23:18:01
562,37,28,23:18:02
563,37,28,23:18:04
564,37,28,23:18:05
565,37,28,23:18:07
566,37,28,23:18:09
567,37,28,23:18:10
568,37,28,23:18:12
569,37,28,23:18:13
570,37,28,23:18:15
571,37,28,23:18:16
572,37,28,23:18:18
573,37,28,23:18:20
574,37,28,23:18:21
575,37,28,23:18:23
576,37,28,23:18:24
577,37,28,23:18:26
578,37,28,23:18:28
579,37,28,23:18:29
580,37,29,23:18:31
581,37,29,23:18:32
582,37,29,23:18:34
583,37,29,23:18:36
584,37,29,23:18:37
585,37,29,23:18:39
586,37,29,23:18:41
587,37,29,23:18:42
588,37,29,23:18:44
589,37,29,23:18:45
590,37,29,23:18:47
591,37,29,23:18:49
592,37,29,23:18:50
593,37,29,23:18:52
594,37,29,23:18:53
595,37,29,23:18:55
596,37,29,23:18:57
597,37,29,23:18:58
598,37,29,23:19:00
599,37,29,23:19:01
600,37,30,23:19:03
601,37,30,23:19:05
602,37,30,23:19:06
603,37,30,23:19:08
604,37,30,23:19:09
605,37,30,23:19:11
606,37,30,23:19:13
607,37,30,23:19:14
608,37,30,23:19:16
609,37,30,23:19:18
610,37,30,23:19:19
611,37,30,23:19:21
612,37,30,23:19:22
613,37,30,23:19:24
614,36,30,23:19:26
615,37,30,23:19:27
616,36,30,23:19:29
617,36,30,23:19:30
618,36,30,23:19:32
619,36,30,23:19:34
620,36,31,23:19:35
621,36,31,23:19:37
622,36,31,23:19:39
623,36,31,23:19:40
624,36,31,23:19:42
625,36,31,23:19:44
626,36,31,23:19:45
627,36,31,23:19:47
628,36,31,23:19:48
629,36,31,23:19:50
630,36,31,23:19:52
631,36,31,23:19:53
632,36,31,23:19:55
633,36,31,23:19:57
634,36,31,23:19:58
635,36,31,23:20:00
636,36,31,23:20:02
637,36,31,23:20:03
638,36,31,23:20:05
639,36,31,23:20:06
640,36,32,23:20:08
641,36,32,23:20:10
642,36,32,23:20:11
643,36,32,23:20:13
644,36,32,23:20:15
645,36,32,23:20:16
646,36,32,23:20:18
647,36,32,23:20:20
648,36,32,23:20:21
649,36,32,23:20:23
650,36,32,23:20:25
651,36,32,23:20:26
652,36,32,23:20:28
653,36,32,23:20:29
654,36,32,23:20:31
655,36,32,23:20:33
656,36,32,23:20:34
657,36,32,23:20:36
658,36,32,23:20:38
659,36,32,23:20:39
660,36,33,23:20:41
661,36,33,23:20:43
662,36,33,23:20:44
663,36,33,23:20:46
664,36,33,23:20:48
665,36,33,23:20:49
666,36,33,23:20:51
667,36,33,23:20:53
668,36,33,23:20:54
669,36,33,23:20:56
670,36,33,23:20:58
671,36,33,23:20:59
672,36,33,23:21:01
673,36,33,23:21:03
674,36,33,23:21:04
675,36,33,23:21:06
676,36,33,23:21:08
677,36,33,23:21:09
678,36,33,23:21:11
679,36,33,23:21:13
680,36,34,23:21:14
681,36,34,23:21:16
682,36,34,23:21:18
683,36,34,23:21:19
684,35,34,23:21:21
685,36,34,23:21:23
686,36,34,23:21:24
687,36,34,23:21:26
688,35,34,23:21:28
689,36,34,23:21:29
690,36,34,23:21:31
691,35,34,23:21:32
692,35,34,23:21:34
693,35,34,23:21:36
694,35,34,23:21:38
695,35,34,23:21:39
696,35,34,23:21:41
697,35,34,23:21:43
698,35,34,23:21:44
699,35,34,23:21:46
700,35,35,23:21:48
701,35,35,23:21:49
702,35,35,23:21:51
703,35,35,23:21:53
704,35,35,23:21:54
705,35,35,23:21:56
706,35,35,23:21:58
707,35,35,23:21:59
708,35,35,23:22:01
709,35,35,23:22:03
710,35,35,23:22:04
711,35,35,23:22:06
712,35,35,23:22:08
713,35,35,23:22:09
714,35,35,23:22:11
715,35,35,23:22:13
716,35,35,23:22:14
717,35,35,23:22:16
718,35,35,23:22:18
719,35,35,23:22:19
720,35,36,23:22:21
721,35,36,23:22:23
722,35,36,23:22:24
723,35,36,23:22:26
724,35,36,23:22:28
725,35,36,23:22:30
726,35,36,23:22:31
727,35,36,23:22:33
728,36,36,23:22:35
729,39,36,23:22:36
730,20,36,23:22:39
731,40,36,23:22:41
732,40,36,23:22:42
733,41,36,23:22:43
734,41,36,23:22:45
735,41,36,23:22:46
736,41,36,23:22:48
737,41,36,23:22:49
738,42,36,23:22:51
739,42,36,23:22:52
740,42,37,23:22:53
741,42,37,23:22:55
742,42,37,23:22:56
743,42,37,23:22:58
744,42,37,23:22:59
745,42,37,23:23:01
746,42,37,23:23:02
747,42,37,23:23:03
748,42,37,23:23:05
749,42,37,23:23:06
750,42,37,23:23:08
751,42,37,23:23:09
752,42,37,23:23:10
753,42,37,23:23:12
754,42,37,23:23:13
755,42,37,23:23:15
756,42,37,23:23:16
757,42,37,23:23:17
758,42,37,23:23:19
759,42,37,23:23:20
760,42,38,23:23:22
761,42,38,23:23:23
762,42,38,23:23:24
763,42,38,23:23:26
764,43,38,23:23:27
765,43,38,23:23:29
766,43,38,23:23:30
767,43,38,23:23:31
768,43,38,23:23:33
769,43,38,23:23:34
770,43,38,23:23:35
771,43,38,23:23:37
772,43,38,23:23:38
773,43,38,23:23:40
774,43,38,23:23:41
775,43,38,23:23:42
776,43,38,23:23:44
777,43,38,23:23:45
778,43,38,23:23:47
779,20,38,23:23:50
780,16,39,23:23:53
781,9,39,23:23:59
782,54,39,23:24:00
783,247,39,23:24:01
784,31,39,23:24:03
785,31,39,23:24:04
786,34,39,23:24:06
rate_ok,undefined,undefined,23:24:06
rate_err,undefined,undefined,23:24:08
787,36,39,23:24:08
788,36,39,23:24:09
789,36,39,23:24:11
790,36,39,23:24:13
791,36,39,23:24:14
792,37,39,23:24:16
793,37,39,23:24:18
794,37,39,23:24:19
795,37,39,23:24:21
796,37,39,23:24:22
797,36,39,23:24:24
798,38,39,23:24:26
799,38,39,23:24:27
800,38,40,23:24:29
801,38,40,23:24:30
802,38,40,23:24:32
803,39,40,23:24:33
804,39,40,23:24:35
805,39,40,23:24:36
806,39,40,23:24:38
807,39,40,23:24:40
808,39,40,23:24:41
809,39,40,23:24:43
810,39,40,23:24:44
811,39,40,23:24:46
812,39,40,23:24:47
813,39,40,23:24:49
814,39,40,23:24:50
815,39,40,23:24:52
816,39,40,23:24:53
817,39,40,23:24:55
818,39,40,23:24:56
819,39,40,23:24:58
820,39,41,23:24:59
821,39,41,23:25:01
822,39,41,23:25:02
823,39,41,23:25:04
824,39,41,23:25:05
825,39,41,23:25:07
826,39,41,23:25:08
827,39,41,23:25:10
828,39,41,23:25:11
829,39,41,23:25:13
830,39,41,23:25:15
831,39,41,23:25:16
832,39,41,23:25:18
833,39,41,23:25:19
834,39,41,23:25:21
835,39,41,23:25:22
836,39,41,23:25:24
837,39,41,23:25:25
838,39,41,23:25:27
839,39,41,23:25:28
840,39,42,23:25:30
841,39,42,23:25:31
842,39,42,23:25:33
843,39,42,23:25:34
844,39,42,23:25:36
845,39,42,23:25:37
846,39,42,23:25:39
847,39,42,23:25:41
848,39,42,23:25:42
849,39,42,23:25:44
850,39,42,23:25:45
851,39,42,23:25:47
852,39,42,23:25:48
853,39,42,23:25:50
854,39,42,23:25:51
855,39,42,23:25:53
856,39,42,23:25:54
857,39,42,23:25:56
858,39,42,23:25:57
859,39,42,23:25:59
860,39,43,23:26:01
861,39,43,23:26:02
862,39,43,23:26:04
863,39,43,23:26:05
864,39,43,23:26:07
865,38,43,23:26:08
866,38,43,23:26:10
867,38,43,23:26:11
868,38,43,23:26:13
869,39,43,23:26:14
870,38,43,23:26:16
871,38,43,23:26:17
872,38,43,23:26:19
873,38,43,23:26:20
874,38,43,23:26:22
875,38,43,23:26:24
876,38,43,23:26:25
877,38,43,23:26:27
878,39,43,23:26:28
879,38,43,23:26:30
880,38,44,23:26:31
881,38,44,23:26:33
882,39,44,23:26:34
883,38,44,23:26:36
884,38,44,23:26:37
885,38,44,23:26:39
886,38,44,23:26:41
887,38,44,23:26:42
888,38,44,23:26:44
889,38,44,23:26:45
890,38,44,23:26:47
891,38,44,23:26:48
892,38,44,23:26:50
893,38,44,23:26:51
894,38,44,23:26:53
895,38,44,23:26:54
896,38,44,23:26:56
897,38,44,23:26:58
898,38,44,23:26:59
899,38,44,23:27:01
900,38,45,23:27:02
901,38,45,23:27:04
902,38,45,23:27:05
903,38,45,23:27:07
904,38,45,23:27:08
905,38,45,23:27:10
906,38,45,23:27:11
907,38,45,23:27:13
908,38,45,23:27:15
909,38,45,23:27:16
910,38,45,23:27:18
911,38,45,23:27:19
912,38,45,23:27:21
913,38,45,23:27:22
914,38,45,23:27:24
915,38,45,23:27:25
916,38,45,23:27:27
917,38,45,23:27:29
918,38,45,23:27:30
919,38,45,23:27:32
920,38,46,23:27:33
921,38,46,23:27:35
922,38,46,23:27:36
923,38,46,23:27:38
924,38,46,23:27:39
925,38,46,23:27:41
926,38,46,23:27:43
927,38,46,23:27:44
928,38,46,23:27:46
929,38,46,23:27:47
930,38,46,23:27:49
931,38,46,23:27:50
932,38,46,23:27:52
933,38,46,23:27:53
934,38,46,23:27:55
935,38,46,23:27:57
936,38,46,23:27:58
937,38,46,23:28:00
938,38,46,23:28:01
939,38,46,23:28:03
940,38,47,23:28:04
941,38,47,23:28:06
942,38,47,23:28:08
943,38,47,23:28:09
944,38,47,23:28:11
945,38,47,23:28:12
946,38,47,23:28:14
947,38,47,23:28:15
948,38,47,23:28:17
949,38,47,23:28:18
950,38,47,23:28:20
951,38,47,23:28:22
952,38,47,23:28:23
953,38,47,23:28:25
954,38,47,23:28:26
955,38,47,23:28:28
956,38,47,23:28:29
957,38,47,23:28:31
958,38,47,23:28:33
959,38,47,23:28:34
960,38,48,23:28:36
961,38,48,23:28:37
962,38,48,23:28:39
963,38,48,23:28:40
964,38,48,23:28:42
965,38,48,23:28:44
966,38,48,23:28:45
967,38,48,23:28:47
968,38,48,23:28:48
969,38,48,23:28:50
970,38,48,23:28:51
971,38,48,23:28:53
972,38,48,23:28:55
973,38,48,23:28:56
974,38,48,23:28:58
975,38,48,23:28:59
976,38,48,23:29:01
977,38,48,23:29:02
978,38,48,23:29:04
979,38,48,23:29:06
980,38,49,23:29:07
981,38,49,23:29:09
982,38,49,23:29:10
983,38,49,23:29:12
984,38,49,23:29:13
985,38,49,23:29:15
986,38,49,23:29:17
987,38,49,23:29:18
988,38,49,23:29:20
989,38,49,23:29:21
990,38,49,23:29:23
991,38,49,23:29:24
992,38,49,23:29:26
993,38,49,23:29:28
994,38,49,23:29:29
995,38,49,23:29:31
996,38,49,23:29:32
997,38,49,23:29:34
998,38,49,23:29:35
999,38,49,23:29:37
1000,38,50,23:29:39
1001,38,50,23:29:40
1002,38,50,23:29:42
1003,38,50,23:29:43
1004,38,50,23:29:45
1005,38,50,23:29:46
1006,38,50,23:29:48
1007,38,50,23:29:50
1008,38,50,23:29:51
1009,38,50,23:29:53
1010,38,50,23:29:54
1011,38,50,23:29:56
1012,38,50,23:29:57
1013,38,50,23:29:59
1014,38,50,23:30:01
1015,38,50,23:30:02
1016,38,50,23:30:04
1017,38,50,23:30:05
1018,38,50,23:30:07
1019,38,50,23:30:09
1020,38,51,23:30:10
1021,38,51,23:30:12
1022,38,51,23:30:13
1023,38,51,23:30:15
1024,38,51,23:30:16
1025,38,51,23:30:18
1026,38,51,23:30:19
1027,38,51,23:30:21
1028,38,51,23:30:23
1029,38,51,23:30:24
1030,38,51,23:30:26
1031,38,51,23:30:27
1032,38,51,23:30:29
1033,38,51,23:30:30
1034,38,51,23:30:32
1035,38,51,23:30:34
1036,38,51,23:30:35
1037,38,51,23:30:37
1038,38,51,23:30:38
1039,38,51,23:30:40
1040,38,52,23:30:41
1041,38,52,23:30:43
1042,38,52,23:30:45
1043,38,52,23:30:46
1044,38,52,23:30:48
1045,38,52,23:30:49
1046,38,52,23:30:51
1047,38,52,23:30:52
1048,38,52,23:30:54
1049,38,52,23:30:56
1050,38,52,23:30:57
1051,38,52,23:30:59
1052,38,52,23:31:00
1053,38,52,23:31:02
1054,38,52,23:31:03
1055,38,52,23:31:05
1056,38,52,23:31:07
1057,38,52,23:31:08
1058,38,52,23:31:10
1059,38,52,23:31:11
1060,38,53,23:31:13
1061,38,53,23:31:14
1062,38,53,23:31:16
1063,38,53,23:31:18
1064,38,53,23:31:19
1065,38,53,23:31:21
1066,38,53,23:31:22
1067,38,53,23:31:24
1068,38,53,23:31:25
1069,38,53,23:31:27
1070,38,53,23:31:29
1071,38,53,23:31:30
1072,38,53,23:31:32
1073,38,53,23:31:33
1074,38,53,23:31:35
1075,38,53,23:31:37
1076,37,53,23:31:38
1077,38,53,23:31:40
1078,37,53,23:31:41
1079,38,53,23:31:43
1080,38,54,23:31:44
1081,38,54,23:31:46
1082,37,54,23:31:48
1083,37,54,23:31:49
1084,37,54,23:31:51
1085,37,54,23:31:52
1086,37,54,23:31:54
1087,37,54,23:31:56
1088,38,54,23:31:57
1089,38,54,23:31:59
1090,38,54,23:32:00
1091,37,54,23:32:02
1092,37,54,23:32:03
1093,37,54,23:32:05
1094,37,54,23:32:06
1095,37,54,23:32:08
1096,37,54,23:32:10
1097,37,54,23:32:11
1098,37,54,23:32:13
1099,37,54,23:32:14
1100,37,55,23:32:16
1101,37,55,23:32:18
1102,37,55,23:32:19
1103,37,55,23:32:21
1104,37,55,23:32:22
1105,37,55,23:32:24
1106,37,55,23:32:25
1107,37,55,23:32:27
1108,37,55,23:32:29
1109,37,55,23:32:30
1110,37,55,23:32:32
1111,37,55,23:32:33
1112,37,55,23:32:35
1113,37,55,23:32:37
1114,37,55,23:32:38
1115,37,55,23:32:40
1116,37,55,23:32:41
1117,37,55,23:32:43
1118,37,55,23:32:44
1119,37,55,23:32:46
1120,37,56,23:32:48
1121,37,56,23:32:49
1122,37,56,23:32:51
1123,37,56,23:32:52
1124,37,56,23:32:54
1125,37,56,23:32:56
1126,37,56,23:32:57
1127,37,56,23:32:59
1128,37,56,23:33:00
1129,37,56,23:33:02
1130,37,56,23:33:04
1131,37,56,23:33:05
1132,37,56,23:33:07
1133,37,56,23:33:08
1134,37,56,23:33:10
1135,37,56,23:33:11
1136,37,56,23:33:13
1137,37,56,23:33:15
1138,37,56,23:33:16
1139,37,56,23:33:18
1140,37,57,23:33:19
1141,37,57,23:33:21
1142,37,57,23:33:23
1143,37,57,23:33:24
1144,37,57,23:33:26
1145,37,57,23:33:27
1146,37,57,23:33:29
1147,37,57,23:33:31
1148,37,57,23:33:32
1149,37,57,23:33:34
1150,37,57,23:33:35
1151,37,57,23:33:37
1152,37,57,23:33:39
1153,37,57,23:33:40
1154,37,57,23:33:42
1155,37,57,23:33:43
1156,37,57,23:33:45
1157,37,57,23:33:47
1158,37,57,23:33:48
1159,37,57,23:33:50
1160,37,58,23:33:51
1161,37,58,23:33:53
1162,37,58,23:33:55
1163,37,58,23:33:56
1164,37,58,23:33:58
1165,37,58,23:33:59
1166,37,58,23:34:01
1167,37,58,23:34:03
1168,37,58,23:34:04
1169,37,58,23:34:06
1170,37,58,23:34:07
1171,37,58,23:34:09
1172,37,58,23:34:11
1173,37,58,23:34:12
1174,37,58,23:34:14
1175,37,58,23:34:15
1176,37,58,23:34:17
1177,37,58,23:34:19
1178,37,58,23:34:20
1179,37,58,23:34:22
1180,37,59,23:34:23
1181,37,59,23:34:25
1182,37,59,23:34:27
1183,37,59,23:34:28
1184,37,59,23:34:30
1185,37,59,23:34:31
1186,37,59,23:34:33
1187,37,59,23:34:35
1188,37,59,23:34:36
1189,37,59,23:34:38
1190,37,59,23:34:39
1191,37,59,23:34:41
1192,37,59,23:34:43
1193,37,59,23:34:44
1194,37,59,23:34:46
1195,37,59,23:34:48
1196,37,59,23:34:49
1197,37,59,23:34:51
1198,37,59,23:34:52
1199,37,59,23:34:54
1200,37,60,23:34:56
1201,37,60,23:34:57
1202,37,60,23:34:59
1203,37,60,23:35:00
1204,37,60,23:35:02
1205,37,60,23:35:04
1206,37,60,23:35:05
1207,37,60,23:35:07
1208,37,60,23:35:08
1209,37,60,23:35:10
1210,37,60,23:35:12
1211,37,60,23:35:13
1212,37,60,23:35:15
1213,37,60,23:35:16
1214,37,60,23:35:18
1215,37,60,23:35:20
1216,37,60,23:35:21
1217,37,60,23:35:23
1218,37,60,23:35:24
1219,37,60,23:35:26
1220,37,61,23:35:28
1221,37,61,23:35:29
1222,37,61,23:35:31
1223,37,61,23:35:32
1224,37,61,23:35:34
1225,37,61,23:35:36
1226,37,61,23:35:37
1227,37,61,23:35:39
1228,37,61,23:35:40
1229,37,61,23:35:42
1230,37,61,23:35:44
1231,37,61,23:35:45
1232,37,61,23:35:47
1233,37,61,23:35:48
1234,37,61,23:35:50
1235,37,61,23:35:52
1236,37,61,23:35:53
1237,37,61,23:35:55
1238,37,61,23:35:56
1239,37,61,23:35:58
1240,37,62,23:36:00
1241,37,62,23:36:01
1242,37,62,23:36:03
1243,37,62,23:36:05
1244,37,62,23:36:06
1245,37,62,23:36:08
1246,37,62,23:36:09
1247,37,62,23:36:11
1248,37,62,23:36:13
1249,37,62,23:36:14
1250,37,62,23:36:16
1251,37,62,23:36:17
1252,37,62,23:36:19
1253,37,62,23:36:21
1254,37,62,23:36:22
1255,37,62,23:36:24
1256,37,62,23:36:25
1257,37,62,23:36:27
1258,37,62,23:36:29
1259,37,62,23:36:30
1260,37,63,23:36:32
1261,37,63,23:36:34
1262,37,63,23:36:35
1263,37,63,23:36:37
1264,37,63,23:36:38
1265,37,63,23:36:40
1266,37,63,23:36:42
1267,37,63,23:36:43
1268,37,63,23:36:45
1269,37,63,23:36:46
1270,37,63,23:36:48
1271,37,63,23:36:50
1272,37,63,23:36:51
1273,37,63,23:36:53
1274,37,63,23:36:54
1275,37,63,23:36:56
1276,37,63,23:36:58
1277,37,63,23:36:59
1278,37,63,23:37:01
1279,37,63,23:37:03
1280,37,64,23:37:04
1281,37,64,23:37:06
1282,37,64,23:37:07
1283,37,64,23:37:09
1284,37,64,23:37:11
1285,37,64,23:37:12
1286,37,64,23:37:14
1287,37,64,23:37:15
1288,37,64,23:37:17
1289,37,64,23:37:19
1290,37,64,23:37:20
1291,37,64,23:37:22
1292,37,64,23:37:23
1293,37,64,23:37:25
1294,37,64,23:37:27
1295,37,64,23:37:28
1296,37,64,23:37:30
1297,37,64,23:37:32
1298,37,64,23:37:33
1299,37,64,23:37:35
1300,37,65,23:37:36
1301,37,65,23:37:38
1302,37,65,23:37:40
1303,37,65,23:37:41
1304,37,65,23:37:43
1305,37,65,23:37:44
1306,37,65,23:37:46
1307,37,65,23:37:48
1308,37,65,23:37:49
1309,37,65,23:37:51
1310,37,65,23:37:53
1311,37,65,23:37:54
1312,37,65,23:37:56
1313,37,65,23:37:57
1314,37,65,23:37:59
1315,37,65,23:38:01
1316,37,65,23:38:02
1317,37,65,23:38:04
1318,37,65,23:38:06
1319,37,65,23:38:07
1320,37,66,23:38:09
1321,37,66,23:38:10
1322,37,66,23:38:12
1323,37,66,23:38:14
1324,37,66,23:38:15
1325,37,66,23:38:17
1326,37,66,23:38:18
1327,37,66,23:38:20
1328,37,66,23:38:22
1329,37,66,23:38:23
1330,37,66,23:38:25
1331,37,66,23:38:26
1332,37,66,23:38:28
1333,37,66,23:38:30
1334,37,66,23:38:31
1335,37,66,23:38:33
1336,37,66,23:38:34
1337,37,66,23:38:36
1338,37,66,23:38:38
1339,37,66,23:38:39
1340,37,67,23:38:41
1341,37,67,23:38:43
1342,37,67,23:38:44
1343,37,67,23:38:46
1344,37,67,23:38:47
1345,37,67,23:38:49
1346,37,67,23:38:51
1347,37,67,23:38:52
1348,37,67,23:38:54
1349,37,67,23:38:56
1350,37,67,23:38:57
1351,37,67,23:38:59
1352,37,67,23:39:00
1353,37,67,23:39:02
1354,37,67,23:39:04
1355,37,67,23:39:05
1356,37,67,23:39:07
1357,37,67,23:39:08
1358,37,67,23:39:10
1359,37,67,23:39:12
1360,37,68,23:39:13
1361,37,68,23:39:15
1362,37,68,23:39:17
1363,37,68,23:39:18
1364,37,68,23:39:20
1365,37,68,23:39:21
1366,37,68,23:39:23
1367,37,68,23:39:25
1368,37,68,23:39:26
1369,37,68,23:39:28
1370,37,68,23:39:29
1371,37,68,23:39:31
1372,37,68,23:39:33
1373,37,68,23:39:34
1374,37,68,23:39:36
1375,37,68,23:39:38
1376,37,68,23:39:39
1377,37,68,23:39:41
1378,37,68,23:39:42
1379,18,68,23:39:46
1380,38,69,23:39:47
1381,37,69,23:39:49
1382,12,69,23:39:54
1383,37,69,23:39:55
1384,36,69,23:39:57
1385,37,69,23:39:58
1386,37,69,23:40:00
1387,37,69,23:40:02
1388,37,69,23:40:03
1389,37,69,23:40:05
1390,37,69,23:40:07
1391,37,69,23:40:08
1392,37,69,23:40:10
1393,37,69,23:40:11
1394,37,69,23:40:13
1395,37,69,23:40:15
1396,37,69,23:40:16
1397,37,69,23:40:18
1398,37,69,23:40:19
1399,37,69,23:40:21
1400,37,70,23:40:23
1401,37,70,23:40:24
1402,37,70,23:40:26
1403,37,70,23:40:27
1404,37,70,23:40:29
1405,37,70,23:40:31
1406,37,70,23:40:32
1407,37,70,23:40:34
1408,37,70,23:40:36
1409,37,70,23:40:37
1410,37,70,23:40:39
1411,37,70,23:40:40
1412,37,70,23:40:42
1413,37,70,23:40:44
1414,37,70,23:40:45
1415,37,70,23:40:47
1416,37,70,23:40:48
1417,37,70,23:40:50
1418,37,70,23:40:52
1419,37,70,23:40:53
1420,37,71,23:40:55
1421,37,71,23:40:57
1422,37,71,23:40:58
1423,37,71,23:41:00
1424,37,71,23:41:01
1425,37,71,23:41:03
1426,37,71,23:41:05
1427,37,71,23:41:06
1428,37,71,23:41:08
1429,37,71,23:41:09
1430,37,71,23:41:11
1431,37,71,23:41:13
1432,37,71,23:41:14
1433,37,71,23:41:16
1434,37,71,23:41:18
1435,37,71,23:41:19
1436,37,71,23:41:21
1437,37,71,23:41:22
1438,37,71,23:41:24
1439,37,71,23:41:26
1440,37,72,23:41:27
1441,37,72,23:41:29
1442,37,72,23:41:31
1443,37,72,23:41:32
1444,37,72,23:41:34
1445,37,72,23:41:35
1446,37,72,23:41:37
1447,37,72,23:41:39
1448,37,72,23:41:40
1449,37,72,23:41:42
1450,36,72,23:41:43
1451,36,72,23:41:45
1452,36,72,23:41:47
1453,36,72,23:41:48
1454,37,72,23:41:50
1455,36,72,23:41:52
1456,36,72,23:41:53
1457,36,72,23:41:55
1458,36,72,23:41:56
1459,36,72,23:41:58
1460,36,73,23:42:00
1461,36,73,23:42:01
1462,36,73,23:42:03
1463,36,73,23:42:05
1464,36,73,23:42:06
1465,36,73,23:42:08
1466,36,73,23:42:09
1467,36,73,23:42:11
1468,36,73,23:42:13
1469,36,73,23:42:14
1470,36,73,23:42:16
1471,36,73,23:42:18
1472,36,73,23:42:19
1473,36,73,23:42:21
1474,36,73,23:42:22
1475,36,73,23:42:24
1476,36,73,23:42:26
1477,36,73,23:42:27
1478,36,73,23:42:29
1479,36,73,23:42:31
1480,36,74,23:42:32
1481,36,74,23:42:34
1482,36,74,23:42:35
1483,36,74,23:42:37
1484,36,74,23:42:39
1485,36,74,23:42:40
1486,36,74,23:42:42
1487,36,74,23:42:44
1488,36,74,23:42:45
1489,36,74,23:42:47
1490,36,74,23:42:48
1491,36,74,23:42:50
1492,36,74,23:42:52
1493,36,74,23:42:53
1494,36,74,23:42:55
1495,36,74,23:42:57
1496,36,74,23:42:58
1497,36,74,23:43:00
1498,36,74,23:43:02
1499,36,74,23:43:03
1500,36,75,23:43:05
1501,36,75,23:43:06
1502,36,75,23:43:08
1503,36,75,23:43:10
1504,36,75,23:43:11
1505,36,75,23:43:13
1506,36,75,23:43:15
1507,36,75,23:43:16
1508,36,75,23:43:18
1509,36,75,23:43:19
1510,36,75,23:43:21
1511,36,75,23:43:23
1512,36,75,23:43:24
1513,36,75,23:43:26
1514,36,75,23:43:28
1515,36,75,23:43:29
1516,36,75,23:43:31
1517,36,75,23:43:32
1518,36,75,23:43:34
1519,36,75,23:43:36
1520,36,76,23:43:37
1521,36,76,23:43:39
1522,36,76,23:43:41
1523,36,76,23:43:42
1524,36,76,23:43:44
1525,36,76,23:43:46
1526,36,76,23:43:47
1527,36,76,23:43:49
1528,36,76,23:43:50
1529,36,76,23:43:52
1530,36,76,23:43:54
1531,36,76,23:43:55
1532,36,76,23:43:57
1533,36,76,23:43:59
1534,36,76,23:44:00
1535,36,76,23:44:02
1536,36,76,23:44:04
1537,36,76,23:44:05
1538,36,76,23:44:07
1539,36,76,23:44:09
1540,36,77,23:44:10
1541,36,77,23:44:12
1542,36,77,23:44:13
1543,36,77,23:44:15
1544,36,77,23:44:17
1545,36,77,23:44:18
1546,36,77,23:44:20
1547,36,77,23:44:22
1548,36,77,23:44:23
1549,36,77,23:44:25
1550,36,77,23:44:27
1551,36,77,23:44:28
1552,36,77,23:44:30
1553,36,77,23:44:31
1554,36,77,23:44:33
1555,36,77,23:44:35
1556,36,77,23:44:36
1557,36,77,23:44:38
1558,36,77,23:44:40
1559,36,77,23:44:41
1560,36,78,23:44:43
1561,36,78,23:44:44
1562,36,78,23:44:46
1563,36,78,23:44:48
1564,36,78,23:44:49
1565,36,78,23:44:51
1566,36,78,23:44:53
1567,36,78,23:44:54
1568,36,78,23:44:56
1569,36,78,23:44:58
1570,36,78,23:44:59
1571,36,78,23:45:01
1572,36,78,23:45:03
1573,36,78,23:45:04
1574,36,78,23:45:06
1575,36,78,23:45:07
1576,36,78,23:45:09
1577,36,78,23:45:11
1578,36,78,23:45:12
1579,36,78,23:45:14
1580,36,79,23:45:16
1581,36,79,23:45:17
1582,36,79,23:45:19
1583,36,79,23:45:21
1584,36,79,23:45:22
1585,36,79,23:45:24
1586,36,79,23:45:26
1587,36,79,23:45:27
1588,36,79,23:45:29
1589,36,79,23:45:31
1590,36,79,23:45:32
1591,36,79,23:45:34
1592,36,79,23:45:35
1593,36,79,23:45:37
1594,36,79,23:45:39
1595,36,79,23:45:40
1596,36,79,23:45:42
1597,36,79,23:45:44
1598,36,79,23:45:45
1599,36,79,23:45:47
1600,36,80,23:45:49
1601,36,80,23:45:50
1602,36,80,23:45:52
1603,36,80,23:45:54
1604,36,80,23:45:55
1605,36,80,23:45:57
1606,36,80,23:45:59
1607,36,80,23:46:00
1608,36,80,23:46:02
1609,36,80,23:46:03
1610,36,80,23:46:05
1611,36,80,23:46:07
1612,36,80,23:46:08
1613,36,80,23:46:10
1614,36,80,23:46:12
1615,36,80,23:46:13
1616,36,80,23:46:15
1617,36,80,23:46:17
1618,36,80,23:46:18
1619,36,80,23:46:20
1620,36,81,23:46:22
1621,36,81,23:46:23
1622,36,81,23:46:25
1623,36,81,23:46:26
1624,36,81,23:46:28
1625,36,81,23:46:30
1626,36,81,23:46:31
1627,36,81,23:46:33
1628,36,81,23:46:35
1629,36,81,23:46:36
1630,36,81,23:46:38
1631,36,81,23:46:40
1632,36,81,23:46:41
1633,36,81,23:46:43
1634,36,81,23:46:45
1635,36,81,23:46:46
1636,36,81,23:46:48
1637,36,81,23:46:50
1638,36,81,23:46:51
1639,36,81,23:46:53
1640,36,82,23:46:55
1641,36,82,23:46:56
1642,36,82,23:46:58
1643,36,82,23:47:00
1644,36,82,23:47:01
1645,36,82,23:47:03
1646,36,82,23:47:05
1647,36,82,23:47:06
1648,36,82,23:47:08
1649,36,82,23:47:09
1650,36,82,23:47:11
1651,36,82,23:47:13
1652,36,82,23:47:14
1653,36,82,23:47:16
1654,36,82,23:47:18
1655,36,82,23:47:19
1656,36,82,23:47:21
1657,36,82,23:47:23
1658,36,82,23:47:24
1659,36,82,23:47:26
1660,36,83,23:47:28
1661,36,83,23:47:29
1662,36,83,23:47:31
1663,36,83,23:47:33
1664,36,83,23:47:34
1665,36,83,23:47:36
1666,36,83,23:47:38
1667,36,83,23:47:39
1668,36,83,23:47:41
1669,36,83,23:47:43
1670,36,83,23:47:44
1671,36,83,23:47:46
1672,36,83,23:47:48
1673,36,83,23:47:49
1674,36,83,23:47:51
1675,36,83,23:47:52
1676,36,83,23:47:54
1677,36,83,23:47:56
1678,36,83,23:47:57
1679,36,83,23:47:59
1680,36,84,23:48:01
1681,36,84,23:48:02
1682,36,84,23:48:04
1683,36,84,23:48:06
1684,36,84,23:48:07
1685,36,84,23:48:09
1686,36,84,23:48:11
1687,36,84,23:48:12
1688,36,84,23:48:14
1689,36,84,23:48:16
1690,36,84,23:48:17
1691,36,84,23:48:19
1692,36,84,23:48:21
1693,36,84,23:48:22
1694,36,84,23:48:24
1695,36,84,23:48:26
1696,36,84,23:48:27
1697,36,84,23:48:29
1698,36,84,23:48:31
1699,36,84,23:48:32
1700,36,85,23:48:34
1701,36,85,23:48:36
1702,36,85,23:48:37
1703,36,85,23:48:39
1704,36,85,23:48:41
1705,36,85,23:48:42
1706,36,85,23:48:44
1707,36,85,23:48:46
1708,36,85,23:48:47
1709,36,85,23:48:49
1710,36,85,23:48:51
1711,36,85,23:48:52
1712,36,85,23:48:54
1713,36,85,23:48:56
1714,36,85,23:48:57
1715,36,85,23:48:59
1716,36,85,23:49:01
1717,36,85,23:49:02
1718,36,85,23:49:04
1719,36,85,23:49:06
1720,36,86,23:49:07
1721,36,86,23:49:09
1722,36,86,23:49:11
1723,36,86,23:49:12
1724,36,86,23:49:14
1725,36,86,23:49:16
1726,36,86,23:49:17
1727,36,86,23:49:19
1728,36,86,23:49:21
1729,36,86,23:49:22
1730,36,86,23:49:24
1731,36,86,23:49:26
1732,36,86,23:49:27
1733,36,86,23:49:29
1734,36,86,23:49:30
1735,36,86,23:49:32
1736,36,86,23:49:34
1737,36,86,23:49:35
1738,36,86,23:49:37
1739,36,86,23:49:39
1740,36,87,23:49:41
1741,36,87,23:49:42
1742,36,87,23:49:44
1743,36,87,23:49:45
1744,36,87,23:49:47
1745,36,87,23:49:49
1746,36,87,23:49:50
1747,36,87,23:49:52
1748,36,87,23:49:54
1749,36,87,23:49:55
1750,36,87,23:49:57
1751,36,87,23:49:59
1752,36,87,23:50:00
1753,36,87,23:50:02
1754,36,87,23:50:04
1755,36,87,23:50:05
1756,36,87,23:50:07
1757,36,87,23:50:09
1758,36,87,23:50:10
1759,36,87,23:50:12
1760,36,88,23:50:14
1761,36,88,23:50:15
1762,36,88,23:50:17
1763,36,88,23:50:19
1764,36,88,23:50:20
1765,36,88,23:50:22
1766,36,88,23:50:24
1767,36,88,23:50:25
1768,36,88,23:50:27
1769,36,88,23:50:29
1770,36,88,23:50:30
1771,36,88,23:50:32
1772,36,88,23:50:34
1773,36,88,23:50:35
1774,36,88,23:50:37
1775,36,88,23:50:39
1776,36,88,23:50:40
1777,36,88,23:50:42
1778,36,88,23:50:44
1779,36,88,23:50:45
1780,36,89,23:50:47
1781,36,89,23:50:49
1782,36,89,23:50:50
1783,36,89,23:50:52
1784,36,89,23:50:54
1785,36,89,23:50:55
1786,36,89,23:50:57
1787,36,89,23:50:59
1788,36,89,23:51:00
1789,36,89,23:51:02
1790,36,89,23:51:04
1791,36,89,23:51:05
1792,36,89,23:51:07
1793,36,89,23:51:09
1794,36,89,23:51:10
1795,36,89,23:51:12
1796,36,89,23:51:13
1797,36,89,23:51:15
1798,36,89,23:51:17
1799,36,89,23:51:19
1800,36,90,23:51:20
1801,36,90,23:51:22
1802,36,90,23:51:23
1803,36,90,23:51:25
1804,36,90,23:51:27
1805,36,90,23:51:28
1806,36,90,23:51:30
1807,36,90,23:51:32
1808,36,90,23:51:33
1809,36,90,23:51:35
1810,36,90,23:51:37
1811,36,90,23:51:38
1812,36,90,23:51:40
1813,36,90,23:51:42
1814,36,90,23:51:43
1815,36,90,23:51:45
1816,36,90,23:51:47
1817,36,90,23:51:48
1818,36,90,23:51:50
1819,36,90,23:51:52
1820,36,91,23:51:53
1821,36,91,23:51:55
1822,36,91,23:51:57
1823,36,91,23:51:58
1824,36,91,23:52:00
1825,36,91,23:52:02
1826,36,91,23:52:03
1827,36,91,23:52:05
1828,36,91,23:52:07
1829,35,91,23:52:08
1830,36,91,23:52:10
1831,36,91,23:52:12
1832,36,91,23:52:13
1833,36,91,23:52:15
1834,36,91,23:52:17
1835,36,91,23:52:18
1836,36,91,23:52:20
1837,36,91,23:52:22
1838,36,91,23:52:23
1839,36,91,23:52:25
1840,36,92,23:52:27
1841,36,92,23:52:28
1842,36,92,23:52:30
1843,36,92,23:52:32
1844,36,92,23:52:33
1845,36,92,23:52:35
1846,36,92,23:52:37
1847,36,92,23:52:38
1848,35,92,23:52:40
1849,36,92,23:52:42
1850,35,92,23:52:43
1851,35,92,23:52:45
1852,36,92,23:52:47
1853,35,92,23:52:48
1854,36,92,23:52:50
1855,35,92,23:52:52
1856,36,92,23:52:53
1857,36,92,23:52:55
1858,36,92,23:52:57
1859,35,92,23:52:58
1860,36,93,23:53:00
1861,35,93,23:53:02
1862,35,93,23:53:03
1863,35,93,23:53:05
1864,35,93,23:53:07
1865,35,93,23:53:08
1866,36,93,23:53:10
1867,35,93,23:53:12
1868,36,93,23:53:13
