started
1,1,0,22:53:06
2,363,0,22:53:06
3,350,0,22:53:06
4,372,0,22:53:07
5,319,0,22:53:07
6,319,0,22:53:07
7,309,0,22:53:07
8,315,0,22:53:07
9,314,0,22:53:08
10,333,0,22:53:08
11,317,0,22:53:08
12,304,0,22:53:08
13,291,0,22:53:08
14,377,0,22:53:08
15,324,0,22:53:09
16,337,0,22:53:09
17,314,0,22:53:09
18,319,0,22:53:09
19,315,0,22:53:09
20,310,0,22:53:10
21,375,0,22:53:10
22,329,0,22:53:10
23,319,0,22:53:10
24,303,0,22:53:10
28,306,0,22:53:11
29,315,0,22:53:11
30,319,0,22:53:12
31,301,0,22:53:12
32,337,0,22:53:12
33,298,0,22:53:12
34,352,0,22:53:12
35,335,0,22:53:12
36,307,0,22:53:13
37,319,0,22:53:13
38,306,0,22:53:13
39,335,0,22:53:13
40,319,0,22:53:13
41,314,0,22:53:14
42,372,0,22:53:14
43,344,0,22:53:14
44,312,0,22:53:14
45,344,0,22:53:14
46,329,0,22:53:15
47,314,0,22:53:15
48,307,0,22:53:15
49,312,2,22:53:15
50,314,2,22:53:15
51,300,2,22:53:16
52,295,2,22:53:16
0,1,0,22:53:16
1,342,0,22:53:16
2,310,0,22:53:16
3,297,0,22:53:17
4,306,0,22:53:17
6,315,0,22:53:17
7,312,0,22:53:17
8,322,0,22:53:17
9,292,0,22:53:18
10,309,0,22:53:18
11,327,0,22:53:18
12,331,0,22:53:18
13,301,0,22:53:18
14,392,0,22:53:19
15,304,0,22:53:19
16,306,0,22:53:19
17,331,0,22:53:19
18,306,0,22:53:19
19,285,0,22:53:20
20,304,1,22:53:20
21,312,1,22:53:20
22,259,1,22:53:20
23,245,1,22:53:20
24,223,1,22:53:21
25,182,1,22:53:21
26,113,1,22:53:22
27,51,1,22:53:23
28,8,1,22:53:30
29,6,1,22:53:39
30,34,1,22:53:41
31,35,1,22:53:43
32,36,1,22:53:45
33,36,1,22:53:46
34,35,1,22:53:48
35,35,1,22:53:50
36,34,1,22:53:51
37,34,1,22:53:53
38,33,1,22:53:55
39,33,1,22:53:57
40,32,2,22:53:58
41,32,2,22:54:00
42,32,2,22:54:02
43,31,2,22:54:04
44,31,2,22:54:06
45,30,2,22:54:08
46,30,2,22:54:10
47,30,2,22:54:12
48,29,2,22:54:14
49,29,2,22:54:16
50,29,2,22:54:18
51,29,2,22:54:20
52,28,2,22:54:22
53,28,2,22:54:24
54,28,2,22:54:27
55,27,2,22:54:29
56,27,2,22:54:31
57,27,2,22:54:33
58,27,2,22:54:35
59,26,2,22:54:38
60,26,3,22:54:40
61,26,3,22:54:42
62,25,3,22:54:45
63,25,3,22:54:47
64,25,3,22:54:49
65,25,3,22:54:52
66,25,3,22:54:54
67,24,3,22:54:56
68,24,3,22:54:59
69,24,3,22:55:01
70,24,3,22:55:04
71,24,3,22:55:06
72,24,3,22:55:09
73,23,3,22:55:11
74,23,3,22:55:14
75,23,3,22:55:16
76,23,3,22:55:19
77,23,3,22:55:22
78,22,3,22:55:24
79,22,3,22:55:27
80,22,4,22:55:29
81,22,4,22:55:32
82,22,4,22:55:35
83,22,4,22:55:38
84,21,4,22:55:40
85,21,4,22:55:43
86,21,4,22:55:46
87,21,4,22:55:49
88,21,4,22:55:52
89,21,4,22:55:54
90,21,4,22:55:57
91,20,4,22:56:00
92,20,4,22:56:03
93,20,4,22:56:06
94,20,4,22:56:09
95,20,4,22:56:12
96,20,4,22:56:15
97,20,4,22:56:18
98,20,4,22:56:21
99,19,4,22:56:24
100,19,5,22:56:27
101,19,5,22:56:30
102,19,5,22:56:33
103,19,5,22:56:36
104,19,5,22:56:39
105,19,5,22:56:42
106,19,5,22:56:45
107,19,5,22:56:49
108,18,5,22:56:52
109,18,5,22:56:55
110,18,5,22:56:58
111,18,5,22:57:01
112,27,5,22:57:03
113,47,5,22:57:05
114,75,5,22:57:06
115,118,5,22:57:06
116,186,5,22:57:06
117,238,5,22:57:07
118,240,5,22:57:07
119,227,5,22:57:07
120,180,6,22:57:07
121,123,6,22:57:08
122,31,6,22:57:10
123,24,6,22:57:12
124,24,6,22:57:15
125,24,6,22:57:17
126,26,6,22:57:19
127,27,6,22:57:22
128,27,6,22:57:24
129,28,6,22:57:26
130,30,6,22:57:28
131,33,6,22:57:30
132,36,6,22:57:31
133,41,6,22:57:33
134,42,6,22:57:34
135,42,6,22:57:36
136,48,6,22:57:37
137,45,6,22:57:38
138,44,6,22:57:39
139,40,6,22:57:41
140,36,7,22:57:43
141,32,7,22:57:44
142,29,7,22:57:46
143,30,7,22:57:48
144,29,7,22:57:50
145,28,7,22:57:53
146,29,7,22:57:55
147,30,7,22:57:57
148,31,7,22:57:58
149,33,7,22:58:00
150,37,7,22:58:02
151,40,7,22:58:03
152,40,7,22:58:05
153,40,7,22:58:06
154,40,7,22:58:08
155,41,7,22:58:09
156,40,7,22:58:11
157,41,7,22:58:12
158,41,7,22:58:14
159,41,7,22:58:15
160,41,8,22:58:17
161,41,8,22:58:18
162,41,8,22:58:20
163,41,8,22:58:21
164,41,8,22:58:22
165,41,8,22:58:24
166,41,8,22:58:25
167,41,8,22:58:27
168,41,8,22:58:28
169,41,8,22:58:30
170,40,8,22:58:31
171,41,8,22:58:33
172,40,8,22:58:34
173,40,8,22:58:36
174,40,8,22:58:37
175,40,8,22:58:39
176,41,8,22:58:40
177,40,8,22:58:42
178,40,8,22:58:43
179,40,8,22:58:44
180,40,9,22:58:46
181,40,9,22:58:47
182,40,9,22:58:49
183,40,9,22:58:50
184,40,9,22:58:52
185,40,9,22:58:53
186,40,9,22:58:55
187,40,9,22:58:56
188,40,9,22:58:58
189,40,9,22:58:59
190,40,9,22:59:01
191,40,9,22:59:02
192,40,9,22:59:04
193,40,9,22:59:05
194,40,9,22:59:07
195,40,9,22:59:08
196,40,9,22:59:10
197,40,9,22:59:11
198,40,9,22:59:13
199,40,9,22:59:14
200,40,10,22:59:16
201,40,10,22:59:17
202,40,10,22:59:19
203,40,10,22:59:20
204,40,10,22:59:22
205,39,10,22:59:23
206,40,10,22:59:25
207,39,10,22:59:26
208,39,10,22:59:28
209,39,10,22:59:29
210,39,10,22:59:31
211,39,10,22:59:32
212,39,10,22:59:34
213,39,10,22:59:35
214,39,10,22:59:37
215,39,10,22:59:38
216,39,10,22:59:40
217,39,10,22:59:41
218,39,10,22:59:43
219,39,10,22:59:45
220,49,11,22:59:46
221,27,11,22:59:48
222,39,11,22:59:49
223,38,11,22:59:51
224,38,11,22:59:53
225,39,11,22:59:54
226,38,11,22:59:56
227,38,11,22:59:57
228,38,11,22:59:59
229,38,11,23:00:00
230,38,11,23:00:02
231,38,11,23:00:03
232,38,11,23:00:05
233,38,11,23:00:06
234,38,11,23:00:08
235,38,11,23:00:10
236,38,11,23:00:11
237,38,11,23:00:13
238,53,11,23:00:14
239,40,11,23:00:15
240,44,12,23:00:17
241,28,12,23:00:19
242,42,12,23:00:20
243,63,12,23:00:21
244,40,12,23:00:23
245,39,12,23:00:24
246,85,12,23:00:25
247,81,12,23:00:26
248,23,12,23:00:28
249,46,12,23:00:29
250,46,12,23:00:31
251,56,12,23:00:32
252,42,12,23:00:33
253,43,12,23:00:35
254,43,12,23:00:36
255,42,12,23:00:37
256,42,12,23:00:39
257,42,12,23:00:40
258,42,12,23:00:42
259,42,12,23:00:43
260,42,13,23:00:44
261,42,13,23:00:46
262,42,13,23:00:47
263,42,13,23:00:49
264,42,13,23:00:50
265,42,13,23:00:52
266,42,13,23:00:53
267,42,13,23:00:54
268,42,13,23:00:56
269,42,13,23:00:57
270,42,13,23:00:59
271,42,13,23:01:00
272,42,13,23:01:02
273,42,13,23:01:03
274,42,13,23:01:04
275,42,13,23:01:06
276,42,13,23:01:07
277,42,13,23:01:09
278,42,13,23:01:10
279,42,13,23:01:12
280,41,14,23:01:13
281,41,14,23:01:14
282,41,14,23:01:16
283,41,14,23:01:17
284,41,14,23:01:19
285,41,14,23:01:20
286,41,14,23:01:22
287,41,14,23:01:23
288,41,14,23:01:25
289,41,14,23:01:26
290,41,14,23:01:27
291,41,14,23:01:29
292,41,14,23:01:30
293,41,14,23:01:32
294,41,14,23:01:33
295,41,14,23:01:35
296,41,14,23:01:36
297,41,14,23:01:38
298,41,14,23:01:39
299,41,14,23:01:41
300,41,15,23:01:42
301,41,15,23:01:43
302,41,15,23:01:45
303,41,15,23:01:46
304,41,15,23:01:48
305,41,15,23:01:49
306,41,15,23:01:51
307,41,15,23:01:52
308,41,15,23:01:54
309,41,15,23:01:55
310,41,15,23:01:57
311,41,15,23:01:58
312,41,15,23:02:00
313,41,15,23:02:01
314,41,15,23:02:02
315,41,15,23:02:04
316,40,15,23:02:05
317,40,15,23:02:07
318,40,15,23:02:08
319,40,15,23:02:10
320,40,16,23:02:11
321,40,16,23:02:13
322,40,16,23:02:14
323,41,16,23:02:16
324,41,16,23:02:17
325,41,16,23:02:19
326,41,16,23:02:20
327,41,16,23:02:22
328,41,16,23:02:23
329,41,16,23:02:24
330,41,16,23:02:26
331,41,16,23:02:27
332,41,16,23:02:29
333,41,16,23:02:30
334,41,16,23:02:32
335,40,16,23:02:33
336,40,16,23:02:35
337,40,16,23:02:36
338,40,16,23:02:38
339,40,16,23:02:39
340,40,17,23:02:41
341,40,17,23:02:42
342,40,17,23:02:44
343,40,17,23:02:45
344,40,17,23:02:47
345,40,17,23:02:48
346,40,17,23:02:50
347,40,17,23:02:51
348,40,17,23:02:53
349,40,17,23:02:54
350,40,17,23:02:56
351,40,17,23:02:57
352,40,17,23:02:59
353,40,17,23:03:00
354,40,17,23:03:02
355,40,17,23:03:03
356,40,17,23:03:04
357,40,17,23:03:06
358,40,17,23:03:07
359,40,17,23:03:09
360,40,18,23:03:11
361,40,18,23:03:12
362,40,18,23:03:14
363,40,18,23:03:15
364,40,18,23:03:17
365,39,18,23:03:18
366,39,18,23:03:19
367,39,18,23:03:21
368,39,18,23:03:23
369,39,18,23:03:24
370,39,18,23:03:26
371,39,18,23:03:27
372,39,18,23:03:29
373,39,18,23:03:30
374,39,18,23:03:32
375,39,18,23:03:33
376,39,18,23:03:35
377,39,18,23:03:36
378,39,18,23:03:38
379,39,18,23:03:39
380,39,19,23:03:41
381,39,19,23:03:42
382,39,19,23:03:44
383,39,19,23:03:45
384,39,19,23:03:47
385,39,19,23:03:48
386,39,19,23:03:50
387,39,19,23:03:51
388,39,19,23:03:53
389,39,19,23:03:54
390,39,19,23:03:56
391,39,19,23:03:57
392,39,19,23:03:59
393,39,19,23:04:00
394,39,19,23:04:02
395,39,19,23:04:03
396,39,19,23:04:05
397,39,19,23:04:07
398,39,19,23:04:08
399,39,19,23:04:10
400,39,20,23:04:11
401,39,20,23:04:13
402,39,20,23:04:14
403,39,20,23:04:16
404,39,20,23:04:17
405,39,20,23:04:19
406,39,20,23:04:20
407,39,20,23:04:22
408,39,20,23:04:23
409,39,20,23:04:25
410,39,20,23:04:26
411,39,20,23:04:28
412,39,20,23:04:30
413,39,20,23:04:31
414,39,20,23:04:33
415,39,20,23:04:34
416,39,20,23:04:36
417,39,20,23:04:37
418,39,20,23:04:39
419,39,20,23:04:40
420,39,21,23:04:42
421,39,21,23:04:43
422,39,21,23:04:45
423,39,21,23:04:46
424,38,21,23:04:48
425,39,21,23:04:49
426,39,21,23:04:51
427,39,21,23:04:53
428,39,21,23:04:54
429,38,21,23:04:56
430,39,21,23:04:57
431,38,21,23:04:59
432,38,21,23:05:00
433,38,21,23:05:02
434,38,21,23:05:03
435,38,21,23:05:05
436,38,21,23:05:07
437,38,21,23:05:08
438,38,21,23:05:10
439,38,21,23:05:11
440,38,22,23:05:13
441,38,22,23:05:14
442,38,22,23:05:16
443,38,22,23:05:17
444,38,22,23:05:19
445,38,22,23:05:21
446,38,22,23:05:22
447,38,22,23:05:24
448,38,22,23:05:25
449,38,22,23:05:27
450,38,22,23:05:28
451,38,22,23:05:30
452,38,22,23:05:31
453,38,22,23:05:33
454,38,22,23:05:35
455,38,22,23:05:36
456,38,22,23:05:38
457,38,22,23:05:39
458,38,22,23:05:41
459,38,22,23:05:42
460,38,23,23:05:44
461,38,23,23:05:46
462,38,23,23:05:47
463,38,23,23:05:49
464,38,23,23:05:50
465,38,23,23:05:52
466,38,23,23:05:53
467,38,23,23:05:55
468,38,23,23:05:57
469,38,23,23:05:58
470,38,23,23:06:00
471,38,23,23:06:01
472,38,23,23:06:03
473,38,23,23:06:04
474,38,23,23:06:06
475,38,23,23:06:08
476,38,23,23:06:09
477,38,23,23:06:11
478,38,23,23:06:12
479,38,23,23:06:14
480,38,24,23:06:16
481,38,24,23:06:17
482,38,24,23:06:19
483,38,24,23:06:20
484,38,24,23:06:22
485,38,24,23:06:24
486,37,24,23:06:25
487,37,24,23:06:27
488,37,24,23:06:28
489,37,24,23:06:30
490,37,24,23:06:31
491,37,24,23:06:33
492,37,24,23:06:35
493,37,24,23:06:36
494,37,24,23:06:38
495,37,24,23:06:39
496,38,24,23:06:41
497,35,24,23:06:43
498,33,24,23:06:45
499,32,24,23:06:46
500,33,25,23:06:48
501,36,25,23:06:50
502,37,25,23:06:51
503,37,25,23:06:53
504,37,25,23:06:55
505,37,25,23:06:56
506,38,25,23:06:58
507,34,25,23:06:59
508,37,25,23:07:01
509,36,25,23:07:03
510,37,25,23:07:04
511,37,25,23:07:06
512,13,25,23:07:10
513,38,25,23:07:12
514,30,25,23:07:14
515,14,25,23:07:18
516,35,25,23:07:20
517,38,25,23:07:21
518,38,25,23:07:23
519,39,25,23:07:24
520,40,26,23:07:26
521,40,26,23:07:27
522,40,26,23:07:29
523,40,26,23:07:30
524,40,26,23:07:32
525,40,26,23:07:33
526,40,26,23:07:35
527,40,26,23:07:36
528,40,26,23:07:38
529,40,26,23:07:39
530,40,26,23:07:41
531,40,26,23:07:42
532,40,26,23:07:44
533,38,26,23:07:45
534,36,26,23:07:47
535,37,26,23:07:49
536,37,26,23:07:50
537,37,26,23:07:52
538,37,26,23:07:54
539,36,26,23:07:55
540,37,27,23:07:57
541,37,27,23:07:58
542,37,27,23:08:00
543,37,27,23:08:02
544,37,27,23:08:03
545,37,27,23:08:05
546,37,27,23:08:07
547,37,27,23:08:08
548,37,27,23:08:10
549,36,27,23:08:11
550,37,27,23:08:13
551,37,27,23:08:15
552,37,27,23:08:16
553,37,27,23:08:18
554,36,27,23:08:20
555,36,27,23:08:21
556,36,27,23:08:23
557,36,27,23:08:25
558,36,27,23:08:26
559,36,27,23:08:28
560,36,28,23:08:29
561,36,28,23:08:31
562,36,28,23:08:33
563,36,28,23:08:34
564,36,28,23:08:36
565,36,28,23:08:38
566,36,28,23:08:39
567,36,28,23:08:41
568,36,28,23:08:43
569,36,28,23:08:44
570,36,28,23:08:46
571,36,28,23:08:47
572,36,28,23:08:49
573,36,28,23:08:51
574,36,28,23:08:52
575,36,28,23:08:54
576,36,28,23:08:56
577,36,28,23:08:57
578,36,28,23:08:59
579,36,28,23:09:01
580,36,29,23:09:02
581,36,29,23:09:04
582,36,29,23:09:06
583,36,29,23:09:07
584,36,29,23:09:09
585,36,29,23:09:10
586,36,29,23:09:12
587,36,29,23:09:14
588,36,29,23:09:15
589,36,29,23:09:17
590,36,29,23:09:19
591,36,29,23:09:20
592,36,29,23:09:22
593,36,29,23:09:24
594,36,29,23:09:25
595,36,29,23:09:27
596,36,29,23:09:29
597,36,29,23:09:30
598,36,29,23:09:32
599,36,29,23:09:34
600,36,30,23:09:35
601,36,30,23:09:37
602,36,30,23:09:39
603,36,30,23:09:40
604,36,30,23:09:42
605,36,30,23:09:44
606,36,30,23:09:45
607,36,30,23:09:47
608,36,30,23:09:49
609,36,30,23:09:50
610,36,30,23:09:52
611,35,30,23:09:54
612,36,30,23:09:55
613,36,30,23:09:57
614,35,30,23:09:59
615,36,30,23:10:00
616,35,30,23:10:02
617,36,30,23:10:04
618,36,30,23:10:05
619,35,30,23:10:07
620,35,31,23:10:09
621,35,31,23:10:10
622,35,31,23:10:12
623,35,31,23:10:14
624,35,31,23:10:15
625,35,31,23:10:17
626,35,31,23:10:19
627,35,31,23:10:20
628,35,31,23:10:22
629,35,31,23:10:24
630,35,31,23:10:26
631,35,31,23:10:27
632,35,31,23:10:29
633,35,31,23:10:31
634,35,31,23:10:32
635,35,31,23:10:34
636,35,31,23:10:36
637,35,31,23:10:37
638,35,31,23:10:39
639,35,31,23:10:41
640,35,32,23:10:42
641,35,32,23:10:44
642,35,32,23:10:46
643,35,32,23:10:47
644,35,32,23:10:49
645,35,32,23:10:51
646,35,32,23:10:52
647,35,32,23:10:54
648,35,32,23:10:56
649,35,32,23:10:58
650,35,32,23:10:59
651,35,32,23:11:01
652,35,32,23:11:03
653,35,32,23:11:04
654,35,32,23:11:06
655,35,32,23:11:08
656,35,32,23:11:09
657,35,32,23:11:11
658,35,32,23:11:13
659,35,32,23:11:15
660,35,33,23:11:16
661,35,33,23:11:18
662,35,33,23:11:20
663,35,33,23:11:21
664,35,33,23:11:23
665,35,33,23:11:25
666,35,33,23:11:26
667,40,33,23:11:28
668,35,33,23:11:30
669,35,33,23:11:31
670,35,33,23:11:33
671,35,33,23:11:35
672,35,33,23:11:36
673,35,33,23:11:38
674,35,33,23:11:40
675,35,33,23:11:42
676,35,33,23:11:43
677,35,33,23:11:45
678,35,33,23:11:47
679,35,33,23:11:48
680,35,34,23:11:50
681,35,34,23:11:52
682,35,34,23:11:53
683,35,34,23:11:55
684,35,34,23:11:57
685,35,34,23:11:59
686,35,34,23:12:00
687,35,34,23:12:02
688,35,34,23:12:04
689,35,34,23:12:05
690,35,34,23:12:07
691,35,34,23:12:09
692,35,34,23:12:11
693,35,34,23:12:12
694,35,34,23:12:14
695,35,34,23:12:16
696,35,34,23:12:17
697,35,34,23:12:19
698,35,34,23:12:21
699,35,34,23:12:23
700,35,35,23:12:24
701,35,35,23:12:26
702,35,35,23:12:28
703,35,35,23:12:29
704,35,35,23:12:31
705,35,35,23:12:33
706,35,35,23:12:35
707,35,35,23:12:36
708,35,35,23:12:38
709,34,35,23:12:40
710,34,35,23:12:42
711,34,35,23:12:43
712,35,35,23:12:45
713,34,35,23:12:47
714,34,35,23:12:48
715,34,35,23:12:50
716,34,35,23:12:52
717,34,35,23:12:54
718,34,35,23:12:55
719,34,35,23:12:57
720,34,36,23:12:59
721,34,36,23:13:01
722,34,36,23:13:02
723,34,36,23:13:04
724,34,36,23:13:06
725,34,36,23:13:07
726,34,36,23:13:09
727,34,36,23:13:11
728,34,36,23:13:13
729,34,36,23:13:14
730,34,36,23:13:16
731,34,36,23:13:18
732,34,36,23:13:20
733,34,36,23:13:21
734,34,36,23:13:23
735,34,36,23:13:25
736,34,36,23:13:27
737,34,36,23:13:28
738,34,36,23:13:30
739,34,36,23:13:32
740,34,37,23:13:34
741,34,37,23:13:35
742,34,37,23:13:37
743,34,37,23:13:39
744,34,37,23:13:41
745,34,37,23:13:42
746,34,37,23:13:44
747,34,37,23:13:46
748,34,37,23:13:48
749,34,37,23:13:49
750,34,37,23:13:51
751,34,37,23:13:53
752,34,37,23:13:55
753,34,37,23:13:56
754,34,37,23:13:58
755,34,37,23:14:00
756,34,37,23:14:01
757,34,37,23:14:03
758,34,37,23:14:05
759,34,37,23:14:07
760,34,38,23:14:09
761,34,38,23:14:10
762,34,38,23:14:12
763,34,38,23:14:14
764,34,38,23:14:16
765,34,38,23:14:17
766,34,38,23:14:19
767,34,38,23:14:21
768,34,38,23:14:23
769,34,38,23:14:24
770,34,38,23:14:26
771,34,38,23:14:28
772,34,38,23:14:30
773,34,38,23:14:31
774,34,38,23:14:33
775,34,38,23:14:35
776,34,38,23:14:37
777,34,38,23:14:38
778,34,38,23:14:40
779,34,38,23:14:42
780,34,39,23:14:44
781,34,39,23:14:45
782,34,39,23:14:47
783,34,39,23:14:49
784,34,39,23:14:51
785,34,39,23:14:53
786,34,39,23:14:54
787,34,39,23:14:56
788,34,39,23:14:58
789,34,39,23:15:00
790,34,39,23:15:01
791,34,39,23:15:03
792,34,39,23:15:05
793,34,39,23:15:07
794,34,39,23:15:08
795,34,39,23:15:10
796,33,39,23:15:12
797,34,39,23:15:14
798,34,39,23:15:15
799,34,39,23:15:17
800,34,40,23:15:19
801,34,40,23:15:21
802,33,40,23:15:23
803,34,40,23:15:24
804,33,40,23:15:26
805,33,40,23:15:28
806,33,40,23:15:30
807,33,40,23:15:32
808,33,40,23:15:33
809,33,40,23:15:35
810,33,40,23:15:37
811,33,40,23:15:39
812,33,40,23:15:40
813,33,40,23:15:42
814,34,40,23:15:44
815,33,40,23:15:46
816,33,40,23:15:47
817,33,40,23:15:49
818,33,40,23:15:51
819,33,40,23:15:53
820,33,41,23:15:55
821,33,41,23:15:56
822,33,41,23:15:58
823,33,41,23:16:00
824,33,41,23:16:02
825,33,41,23:16:04
826,33,41,23:16:05
827,33,41,23:16:07
828,33,41,23:16:09
829,33,41,23:16:11
830,33,41,23:16:13
831,33,41,23:16:14
832,33,41,23:16:16
833,33,41,23:16:18
834,33,41,23:16:20
835,33,41,23:16:22
836,33,41,23:16:23
837,33,41,23:16:25
838,33,41,23:16:27
839,33,41,23:16:29
840,33,42,23:16:30
841,33,42,23:16:32
842,33,42,23:16:34
843,33,42,23:16:36
844,33,42,23:16:38
845,33,42,23:16:39
846,33,42,23:16:41
847,33,42,23:16:43
848,33,42,23:16:45
849,33,42,23:16:47
850,33,42,23:16:48
851,33,42,23:16:50
852,33,42,23:16:52
853,33,42,23:16:54
854,33,42,23:16:56
855,33,42,23:16:57
856,33,42,23:16:59
857,33,42,23:17:01
858,33,42,23:17:03
859,33,42,23:17:05
860,33,43,23:17:06
861,33,43,23:17:08
862,33,43,23:17:10
863,33,43,23:17:12
864,33,43,23:17:14
865,33,43,23:17:16
866,33,43,23:17:17
867,33,43,23:17:19
868,33,43,23:17:21
869,33,43,23:17:23
870,33,43,23:17:25
871,33,43,23:17:26
872,33,43,23:17:28
873,33,43,23:17:30
874,33,43,23:17:32
875,33,43,23:17:34
876,33,43,23:17:35
877,33,43,23:17:37
878,33,43,23:17:39
879,33,43,23:17:41
880,33,44,23:17:43
881,33,44,23:17:45
882,33,44,23:17:46
883,33,44,23:17:48
884,33,44,23:17:50
885,33,44,23:17:52
886,32,44,23:17:54
887,33,44,23:17:55
888,33,44,23:17:57
889,33,44,23:17:59
890,33,44,23:18:01
891,32,44,23:18:03
892,33,44,23:18:05
893,33,44,23:18:06
894,33,44,23:18:08
895,33,44,23:18:10
896,32,44,23:18:12
897,33,44,23:18:14
898,33,44,23:18:16
899,33,44,23:18:17
900,32,45,23:18:19
901,33,45,23:18:21
902,32,45,23:18:23
903,32,45,23:18:25
904,33,45,23:18:27
905,32,45,23:18:28
906,32,45,23:18:30
907,32,45,23:18:32
908,32,45,23:18:34
909,32,45,23:18:36
910,32,45,23:18:38
911,32,45,23:18:39
912,32,45,23:18:41
913,32,45,23:18:43
914,32,45,23:18:45
915,32,45,23:18:47
916,32,45,23:18:49
917,32,45,23:18:50
918,32,45,23:18:52
919,32,45,23:18:54
920,32,46,23:18:56
921,32,46,23:18:58
922,32,46,23:19:00
923,32,46,23:19:02
924,32,46,23:19:03
925,32,46,23:19:05
926,32,46,23:19:07
927,32,46,23:19:09
928,32,46,23:19:11
929,32,46,23:19:13
930,32,46,23:19:15
931,32,46,23:19:16
932,32,46,23:19:18
933,32,46,23:19:20
934,32,46,23:19:22
935,32,46,23:19:24
936,32,46,23:19:26
937,32,46,23:19:28
938,32,46,23:19:29
939,32,46,23:19:31
940,32,47,23:19:33
941,32,47,23:19:35
942,32,47,23:19:37
943,32,47,23:19:39
944,32,47,23:19:41
945,32,47,23:19:42
946,32,47,23:19:44
947,32,47,23:19:46
948,32,47,23:19:48
949,32,47,23:19:50
950,32,47,23:19:52
951,32,47,23:19:54
952,32,47,23:19:56
953,32,47,23:19:57
954,32,47,23:19:59
955,32,47,23:20:01
956,32,47,23:20:03
957,32,47,23:20:05
958,32,47,23:20:07
959,32,47,23:20:09
960,32,48,23:20:10
961,32,48,23:20:12
962,32,48,23:20:14
963,32,48,23:20:16
964,32,48,23:20:18
965,32,48,23:20:20
966,32,48,23:20:22
967,32,48,23:20:24
968,32,48,23:20:26
969,32,48,23:20:27
970,32,48,23:20:29
971,32,48,23:20:31
972,32,48,23:20:33
973,32,48,23:20:35
974,31,48,23:20:37
975,32,48,23:20:39
976,32,48,23:20:41
977,32,48,23:20:42
978,32,48,23:20:44
979,31,48,23:20:46
980,31,49,23:20:48
981,31,49,23:20:50
982,31,49,23:20:52
983,31,49,23:20:54
984,31,49,23:20:56
985,31,49,23:20:58
986,31,49,23:20:59
987,31,49,23:21:01
988,31,49,23:21:03
989,31,49,23:21:05
990,31,49,23:21:07
991,31,49,23:21:09
992,31,49,23:21:11
993,32,49,23:21:13
994,32,49,23:21:15
995,31,49,23:21:16
996,31,49,23:21:18
997,32,49,23:21:20
998,32,49,23:21:22
999,32,49,23:21:24
1000,32,50,23:21:26
1001,32,50,23:21:28
1002,32,50,23:21:30
1003,32,50,23:21:32
1004,32,50,23:21:33
1005,32,50,23:21:35
1006,32,50,23:21:37
1007,32,50,23:21:39
1008,31,50,23:21:41
1009,32,50,23:21:43
1010,32,50,23:21:45
1011,32,50,23:21:47
1012,32,50,23:21:49
1013,31,50,23:21:50
1014,31,50,23:21:52
1015,31,50,23:21:54
1016,31,50,23:21:56
1017,32,50,23:21:58
1018,31,50,23:22:00
1019,31,50,23:22:02
1020,31,51,23:22:04
1021,31,51,23:22:06
1022,31,51,23:22:07
1023,31,51,23:22:09
1024,31,51,23:22:11
1025,31,51,23:22:13
1026,31,51,23:22:15
1027,32,51,23:22:17
1028,31,51,23:22:19
1029,31,51,23:22:21
1030,31,51,23:22:23
1031,31,51,23:22:25
1032,31,51,23:22:26
1033,31,51,23:22:28
1034,31,51,23:22:30
1035,31,51,23:22:32
1036,31,51,23:22:34
1037,31,51,23:22:36
1038,31,51,23:22:38
1039,31,51,23:22:40
1040,31,52,23:22:42
1041,31,52,23:22:44
1042,31,52,23:22:45
1043,31,52,23:22:47
1044,31,52,23:22:49
1045,31,52,23:22:51
1046,31,52,23:22:53
1047,31,52,23:22:55
1048,31,52,23:22:57
1049,31,52,23:22:59
1050,31,52,23:23:01
1051,31,52,23:23:03
1052,31,52,23:23:04
1053,31,52,23:23:06
1054,31,52,23:23:08
1055,31,52,23:23:10
1056,31,52,23:23:12
1057,31,52,23:23:14
1058,31,52,23:23:16
1059,31,52,23:23:18
1060,31,53,23:23:20
1061,31,53,23:23:22
1062,31,53,23:23:24
1063,31,53,23:23:26
1064,31,53,23:23:28
1065,31,53,23:23:29
1066,31,53,23:23:31
1067,31,53,23:23:33
1068,31,53,23:23:35
1069,31,53,23:23:37
1070,31,53,23:23:39
1071,31,53,23:23:41
1072,31,53,23:23:43
1073,31,53,23:23:45
1074,31,53,23:23:47
1075,31,53,23:23:49
1076,31,53,23:23:51
1077,31,53,23:23:52
1078,31,53,23:23:54
1079,31,53,23:23:56
1080,31,54,23:23:58
1081,31,54,23:24:00
1082,31,54,23:24:02
1083,31,54,23:24:04
1084,31,54,23:24:06
1085,31,54,23:24:08
1086,31,54,23:24:10
1087,31,54,23:24:12
1088,31,54,23:24:14
1089,31,54,23:24:16
1090,31,54,23:24:18
1091,31,54,23:24:19
1092,31,54,23:24:21
1093,31,54,23:24:23
1094,31,54,23:24:25
1095,31,54,23:24:27
1096,31,54,23:24:29
1097,31,54,23:24:31
1098,31,54,23:24:33
1099,31,54,23:24:35
1100,31,55,23:24:37
1101,31,55,23:24:39
1102,31,55,23:24:41
1103,31,55,23:24:43
1104,31,55,23:24:45
1105,31,55,23:24:47
1106,31,55,23:24:49
1107,31,55,23:24:51
1108,31,55,23:24:52
1109,31,55,23:24:54
1110,31,55,23:24:56
1111,31,55,23:24:58
1112,30,55,23:25:00
1113,31,55,23:25:02
1114,30,55,23:25:04
1115,30,55,23:25:06
1116,30,55,23:25:08
1117,30,55,23:25:10
1118,30,55,23:25:12
1119,30,55,23:25:14
1120,30,56,23:25:16
1121,30,56,23:25:18
1122,30,56,23:25:20
1123,30,56,23:25:22
1124,30,56,23:25:24
1125,30,56,23:25:26
1126,30,56,23:25:28
1127,30,56,23:25:30
1128,30,56,23:25:31
1129,30,56,23:25:33
1130,30,56,23:25:35
1131,30,56,23:25:37
1132,30,56,23:25:39
1133,30,56,23:25:41
1134,30,56,23:25:43
1135,30,56,23:25:45
1136,30,56,23:25:47
1137,30,56,23:25:49
1138,30,56,23:25:51
1139,30,56,23:25:53
1140,30,57,23:25:55
1141,30,57,23:25:57
1142,30,57,23:25:59
1143,30,57,23:26:01
1144,30,57,23:26:03
1145,30,57,23:26:05
1146,30,57,23:26:07
1147,30,57,23:26:09
1148,30,57,23:26:11
1149,31,57,23:26:13
1150,31,57,23:26:15
1151,31,57,23:26:17
1152,31,57,23:26:18
1153,31,57,23:26:20
1154,31,57,23:26:22
1155,31,57,23:26:24
1156,30,57,23:26:26
1157,31,57,23:26:28
1158,30,57,23:26:30
1159,31,57,23:26:32
1160,30,58,23:26:34
1161,30,58,23:26:36
1162,30,58,23:26:38
1163,30,58,23:26:40
1164,30,58,23:26:42
1165,30,58,23:26:44
1166,30,58,23:26:46
1167,30,58,23:26:48
1168,30,58,23:26:50
1169,30,58,23:26:52
1170,30,58,23:26:54
1171,30,58,23:26:55
1172,30,58,23:26:57
1173,30,58,23:26:59
1174,30,58,23:27:01
1175,30,58,23:27:03
1176,30,58,23:27:05
1177,30,58,23:27:07
1178,30,58,23:27:09
1179,30,58,23:27:11
1180,30,59,23:27:13
1181,30,59,23:27:15
1182,30,59,23:27:17
1183,30,59,23:27:19
1184,30,59,23:27:21
1185,30,59,23:27:23
1186,30,59,23:27:25
1187,30,59,23:27:27
1188,30,59,23:27:29
1189,30,59,23:27:31
1190,30,59,23:27:33
1191,30,59,23:27:35
1192,30,59,23:27:37
1193,30,59,23:27:39
1194,30,59,23:27:41
1195,30,59,23:27:43
1196,30,59,23:27:45
1197,30,59,23:27:47
1198,30,59,23:27:49
1199,30,59,23:27:51
1200,30,60,23:27:53
1201,30,60,23:27:55
1202,30,60,23:27:56
1203,30,60,23:27:58
1204,30,60,23:28:00
1205,30,60,23:28:02
1206,30,60,23:28:04
1207,30,60,23:28:06
1208,30,60,23:28:08
1209,30,60,23:28:10
1210,30,60,23:28:12
1211,30,60,23:28:14
1212,30,60,23:28:16
1213,30,60,23:28:18
1214,30,60,23:28:20
1215,30,60,23:28:22
1216,30,60,23:28:24
1217,30,60,23:28:26
1218,30,60,23:28:28
1219,30,60,23:28:30
1220,30,61,23:28:32
1221,30,61,23:28:34
1222,30,61,23:28:36
1223,30,61,23:28:38
1224,30,61,23:28:40
1225,30,61,23:28:42
1226,30,61,23:28:44
1227,30,61,23:28:46
1228,30,61,23:28:48
1229,30,61,23:28:50
1230,30,61,23:28:52
1231,30,61,23:28:54
1232,30,61,23:28:56
1233,30,61,23:28:58
1234,30,61,23:29:00
1235,30,61,23:29:02
1236,30,61,23:29:04
1237,30,61,23:29:06
1238,30,61,23:29:08
1239,30,61,23:29:10
1240,30,62,23:29:12
1241,30,62,23:29:14
1242,30,62,23:29:16
1243,30,62,23:29:18
1244,30,62,23:29:20
1245,30,62,23:29:22
1246,30,62,23:29:24
1247,30,62,23:29:26
1248,30,62,23:29:28
1249,30,62,23:29:30
1250,30,62,23:29:31
1251,30,62,23:29:34
1252,30,62,23:29:35
1253,30,62,23:29:37
1254,30,62,23:29:39
1255,30,62,23:29:41
1256,30,62,23:29:43
1257,30,62,23:29:45
1258,30,62,23:29:47
1259,30,62,23:29:49
1260,30,63,23:29:51
1261,30,63,23:29:53
1262,30,63,23:29:55
1263,30,63,23:29:57
1264,30,63,23:29:59
1265,30,63,23:30:01
1266,30,63,23:30:03
1267,30,63,23:30:05
1268,30,63,23:30:07
1269,30,63,23:30:09
1270,30,63,23:30:11
1271,30,63,23:30:13
1272,30,63,23:30:15
1273,30,63,23:30:17
1274,30,63,23:30:19
1275,30,63,23:30:21
1276,30,63,23:30:23
1277,30,63,23:30:25
1278,30,63,23:30:27
1279,30,63,23:30:29
1280,30,64,23:30:31
1281,30,64,23:30:33
1282,30,64,23:30:35
1283,30,64,23:30:37
1284,30,64,23:30:39
1285,30,64,23:30:41
1286,30,64,23:30:43
1287,30,64,23:30:45
1288,30,64,23:30:47
1289,30,64,23:30:49
1290,600,64,23:30:49
1291,31,64,23:30:51
1292,30,64,23:30:53
1293,30,64,23:30:55
1294,30,64,23:30:57
1295,30,64,23:30:59
1296,30,64,23:31:01
1297,30,64,23:31:03
1298,30,64,23:31:05
1299,30,64,23:31:07
1300,30,65,23:31:09
1301,30,65,23:31:11
1302,30,65,23:31:13
1303,30,65,23:31:15
1304,30,65,23:31:17
1305,30,65,23:31:19
1306,30,65,23:31:21
1307,30,65,23:31:23
1308,30,65,23:31:25
1309,30,65,23:31:27
1310,30,65,23:31:29
1311,30,65,23:31:31
1312,30,65,23:31:33
1313,30,65,23:31:35
1314,30,65,23:31:37
1315,30,65,23:31:39
1316,30,65,23:31:41
1317,30,65,23:31:43
1318,30,65,23:31:45
1319,30,65,23:31:47
1320,30,66,23:31:49
1321,30,66,23:31:51
1322,30,66,23:31:53
1323,30,66,23:31:55
1324,30,66,23:31:57
1325,30,66,23:31:59
1326,30,66,23:32:01
1327,30,66,23:32:03
1328,30,66,23:32:05
1329,30,66,23:32:07
1330,30,66,23:32:09
1331,30,66,23:32:11
1332,30,66,23:32:13
1333,30,66,23:32:15
1334,30,66,23:32:17
1335,30,66,23:32:19
1336,30,66,23:32:21
1337,30,66,23:32:23
1338,30,66,23:32:25
1339,30,66,23:32:27
1340,30,67,23:32:29
1341,30,67,23:32:31
1342,30,67,23:32:33
1343,30,67,23:32:35
1344,30,67,23:32:37
1345,30,67,23:32:39
1346,30,67,23:32:42
1347,30,67,23:32:43
1348,30,67,23:32:45
1349,29,67,23:32:48
1350,30,67,23:32:50
1351,30,67,23:32:52
1352,30,67,23:32:54
1353,30,67,23:32:56
1354,30,67,23:32:58
1355,30,67,23:33:00
1356,30,67,23:33:02
1357,29,67,23:33:04
1358,29,67,23:33:06
1359,29,67,23:33:08
1360,30,68,23:33:10
1361,30,68,23:33:12
1362,29,68,23:33:14
1363,29,68,23:33:16
1364,29,68,23:33:18
1365,29,68,23:33:20
1366,29,68,23:33:22
1367,29,68,23:33:24
1368,29,68,23:33:26
1369,29,68,23:33:28
1370,29,68,23:33:30
1371,29,68,23:33:32
1372,29,68,23:33:34
1373,29,68,23:33:36
1374,29,68,23:33:38
1375,29,68,23:33:40
1376,29,68,23:33:42
1377,29,68,23:33:44
1378,29,68,23:33:46
1379,29,68,23:33:48
1380,29,69,23:33:50
1381,29,69,23:33:52
1382,29,69,23:33:54
1383,29,69,23:33:56
1384,29,69,23:33:58
1385,29,69,23:34:00
1386,29,69,23:34:02
1387,29,69,23:34:04
1388,29,69,23:34:06
1389,29,69,23:34:08
1390,29,69,23:34:10
1391,29,69,23:34:12
1392,29,69,23:34:14
1393,29,69,23:34:16
1394,29,69,23:34:18
1395,29,69,23:34:20
1396,29,69,23:34:22
1397,29,69,23:34:24
1398,29,69,23:34:27
1399,29,69,23:34:29
1400,29,70,23:34:31
1401,29,70,23:34:33
1402,29,70,23:34:35
1403,29,70,23:34:37
1404,29,70,23:34:39
1405,29,70,23:34:41
1406,29,70,23:34:43
1407,29,70,23:34:45
1408,29,70,23:34:47
1409,29,70,23:34:49
1410,29,70,23:34:51
1411,29,70,23:34:53
1412,29,70,23:34:55
1413,29,70,23:34:57
1414,29,70,23:34:59
1415,29,70,23:35:01
1416,29,70,23:35:03
1417,29,70,23:35:05
1418,29,70,23:35:07
1419,29,70,23:35:09
1420,29,71,23:35:11
1421,29,71,23:35:13
1422,29,71,23:35:15
1423,29,71,23:35:17
1424,29,71,23:35:19
1425,29,71,23:35:21
1426,29,71,23:35:24
1427,29,71,23:35:26
1428,29,71,23:35:28
1429,29,71,23:35:30
1430,29,71,23:35:32
1431,29,71,23:35:34
1432,29,71,23:35:36
1433,29,71,23:35:38
1434,29,71,23:35:40
1435,29,71,23:35:42
1436,29,71,23:35:44
1437,29,71,23:35:46
1438,29,71,23:35:48
1439,29,71,23:35:50
1440,29,72,23:35:52
1441,29,72,23:35:54
1442,29,72,23:35:56
1443,29,72,23:35:58
1444,29,72,23:36:00
1445,29,72,23:36:02
1446,29,72,23:36:04
1447,29,72,23:36:06
1448,29,72,23:36:09
1449,29,72,23:36:11
1450,29,72,23:36:13
1451,29,72,23:36:15
1452,29,72,23:36:17
1453,29,72,23:36:19
1454,29,72,23:36:21
1455,29,72,23:36:23
1456,29,72,23:36:25
1457,29,72,23:36:27
1458,29,72,23:36:29
1459,29,72,23:36:31
1460,29,73,23:36:33
1461,29,73,23:36:35
1462,29,73,23:36:37
1463,29,73,23:36:39
1464,29,73,23:36:41
1465,29,73,23:36:43
1466,29,73,23:36:45
1467,29,73,23:36:47
1468,29,73,23:36:50
1469,29,73,23:36:52
1470,29,73,23:36:54
1471,29,73,23:36:56
1472,29,73,23:36:58
1473,29,73,23:37:00
1474,29,73,23:37:02
1475,29,73,23:37:04
1476,29,73,23:37:06
1477,29,73,23:37:08
1478,29,73,23:37:10
1479,29,73,23:37:12
1480,29,74,23:37:14
1481,29,74,23:37:16
1482,29,74,23:37:18
1483,29,74,23:37:20
1484,29,74,23:37:22
1485,29,74,23:37:24
1486,29,74,23:37:27
1487,29,74,23:37:29
1488,29,74,23:37:31
1489,29,74,23:37:33
1490,29,74,23:37:35
1491,29,74,23:37:37
1492,29,74,23:37:39
1493,29,74,23:37:41
1494,29,74,23:37:43
1495,29,74,23:37:45
1496,29,74,23:37:47
1497,29,74,23:37:49
1498,29,74,23:37:51
1499,29,74,23:37:53
1500,29,75,23:37:55
1501,29,75,23:37:58
1502,29,75,23:38:00
1503,29,75,23:38:02
1504,29,75,23:38:04
1505,29,75,23:38:06
1506,29,75,23:38:08
1507,29,75,23:38:10
1508,29,75,23:38:12
1509,29,75,23:38:14
1510,29,75,23:38:16
1511,29,75,23:38:18
1512,29,75,23:38:20
1513,29,75,23:38:22
1514,29,75,23:38:24
1515,29,75,23:38:27
1516,29,75,23:38:29
1517,29,75,23:38:31
1518,29,75,23:38:33
1519,29,75,23:38:35
1520,29,76,23:38:37
1521,29,76,23:38:39
1522,29,76,23:38:41
1523,29,76,23:38:43
1524,29,76,23:38:45
1525,29,76,23:38:47
1526,29,76,23:38:49
1527,29,76,23:38:51
1528,29,76,23:38:53
1529,29,76,23:38:56
1530,29,76,23:38:58
1531,29,76,23:39:00
1532,29,76,23:39:02
1533,28,76,23:39:04
1534,29,76,23:39:06
1535,29,76,23:39:08
1536,28,76,23:39:10
1537,28,76,23:39:12
1538,28,76,23:39:14
1539,29,76,23:39:16
1540,28,77,23:39:18
1541,28,77,23:39:21
1542,28,77,23:39:23
1543,28,77,23:39:25
1544,28,77,23:39:27
1545,28,77,23:39:29
1546,28,77,23:39:31
1547,28,77,23:39:33
1548,28,77,23:39:35
1549,28,77,23:39:37
1550,28,77,23:39:39
1551,28,77,23:39:41
1552,28,77,23:39:43
1553,28,77,23:39:46
1554,28,77,23:39:48
1555,28,77,23:39:50
1556,28,77,23:39:52
1557,28,77,23:39:54
1558,28,77,23:39:56
1559,28,77,23:39:58
1560,28,78,23:40:00
1561,28,78,23:40:02
1562,28,78,23:40:04
1563,28,78,23:40:06
1564,28,78,23:40:09
1565,28,78,23:40:11
1566,28,78,23:40:13
1567,28,78,23:40:15
1568,28,78,23:40:17
1569,28,78,23:40:19
1570,28,78,23:40:21
1571,28,78,23:40:23
1572,28,78,23:40:25
1573,28,78,23:40:27
1574,28,78,23:40:30
1575,28,78,23:40:32
1576,28,78,23:40:34
1577,28,78,23:40:36
1578,28,78,23:40:38
1579,28,78,23:40:40
1580,28,79,23:40:42
1581,28,79,23:40:44
1582,28,79,23:40:46
1583,28,79,23:40:48
1584,28,79,23:40:51
1585,28,79,23:40:53
1586,28,79,23:40:55
1587,28,79,23:40:57
1588,28,79,23:40:59
1589,28,79,23:41:01
1590,28,79,23:41:03
1591,28,79,23:41:05
1592,28,79,23:41:07
1593,28,79,23:41:09
1594,28,79,23:41:12
1595,28,79,23:41:14
1596,28,79,23:41:16
1597,28,79,23:41:18
1598,28,79,23:41:20
1599,28,79,23:41:22
1600,28,80,23:41:24
1601,28,80,23:41:26
1602,28,80,23:41:28
1603,28,80,23:41:31
1604,28,80,23:41:33
1605,28,80,23:41:35
1606,28,80,23:41:37
1607,28,80,23:41:39
1608,28,80,23:41:41
1609,28,80,23:41:43
1610,28,80,23:41:45
1611,28,80,23:41:47
1612,28,80,23:41:50
1613,28,80,23:41:52
1614,28,80,23:41:54
1615,28,80,23:41:56
1616,28,80,23:41:58
1617,28,80,23:42:00
1618,28,80,23:42:02
1619,28,80,23:42:04
1620,28,81,23:42:06
1621,28,81,23:42:09
1622,28,81,23:42:11
1623,28,81,23:42:13
1624,28,81,23:42:15
1625,28,81,23:42:17
1626,28,81,23:42:19
1627,28,81,23:42:21
1628,28,81,23:42:23
1629,28,81,23:42:25
1630,28,81,23:42:28
1631,28,81,23:42:30
1632,28,81,23:42:32
1633,28,81,23:42:34
1634,28,81,23:42:36
1635,28,81,23:42:38
1636,28,81,23:42:40
1637,28,81,23:42:42
1638,28,81,23:42:44
1639,28,81,23:42:47
1640,28,82,23:42:49
1641,28,82,23:42:51
1642,28,82,23:42:53
1643,28,82,23:42:55
1644,28,82,23:42:57
1645,28,82,23:42:59
1646,28,82,23:43:01
1647,28,82,23:43:04
1648,28,82,23:43:06
1649,28,82,23:43:08
1650,28,82,23:43:10
1651,28,82,23:43:12
1652,28,82,23:43:14
1653,28,82,23:43:16
1654,28,82,23:43:18
1655,28,82,23:43:21
1656,28,82,23:43:23
1657,28,82,23:43:25
1658,28,82,23:43:27
1659,28,82,23:43:29
1660,28,83,23:43:31
1661,28,83,23:43:33
1662,28,83,23:43:35
1663,28,83,23:43:38
1664,28,83,23:43:40
1665,28,83,23:43:42
1666,28,83,23:43:44
1667,28,83,23:43:46
1668,28,83,23:43:48
1669,28,83,23:43:50
1670,28,83,23:43:53
1671,28,83,23:43:55
1672,28,83,23:43:57
1673,28,83,23:43:59
1674,28,83,23:44:01
1675,28,83,23:44:03
1676,28,83,23:44:05
1677,28,83,23:44:07
1678,28,83,23:44:10
1679,28,83,23:44:12
1680,28,84,23:44:14
1681,28,84,23:44:16
1682,28,84,23:44:18
1683,28,84,23:44:20
1684,28,84,23:44:22
1685,28,84,23:44:25
1686,28,84,23:44:27
1687,28,84,23:44:29
1688,28,84,23:44:31
1689,28,84,23:44:33
1690,28,84,23:44:35
1691,28,84,23:44:37
1692,28,84,23:44:40
1693,28,84,23:44:42
1694,28,84,23:44:44
1695,28,84,23:44:46
1696,28,84,23:44:48
1697,28,84,23:44:50
1698,28,84,23:44:53
1699,28,84,23:44:55
1700,28,85,23:44:57
1701,28,85,23:44:59
1702,27,85,23:45:01
1703,27,85,23:45:03
1704,27,85,23:45:05
1705,27,85,23:45:08
1706,27,85,23:45:10
1707,27,85,23:45:12
1708,27,85,23:45:14
1709,27,85,23:45:16
1710,27,85,23:45:18
1711,27,85,23:45:21
1712,27,85,23:45:23
1713,27,85,23:45:25
1714,27,85,23:45:27
1715,27,85,23:45:29
1716,27,85,23:45:31
1717,27,85,23:45:33
1718,27,85,23:45:36
1719,27,85,23:45:38
1720,27,86,23:45:40
1721,27,86,23:45:42
1722,27,86,23:45:44
1723,27,86,23:45:46
1724,27,86,23:45:49
1725,27,86,23:45:51
1726,27,86,23:45:53
1727,27,86,23:45:55
1728,27,86,23:45:57
1729,27,86,23:45:59
1730,27,86,23:46:02
1731,27,86,23:46:04
1732,27,86,23:46:06
1733,27,86,23:46:08
1734,27,86,23:46:10
1735,27,86,23:46:12
1736,27,86,23:46:15
1737,27,86,23:46:17
1738,27,86,23:46:19
1739,27,86,23:46:21
1740,27,87,23:46:23
1741,27,87,23:46:25
1742,27,87,23:46:28
1743,27,87,23:46:30
1744,27,87,23:46:32
1745,27,87,23:46:34
1746,27,87,23:46:36
1747,27,87,23:46:38
1748,27,87,23:46:41
1749,27,87,23:46:43
1750,27,87,23:46:45
1751,27,87,23:46:47
1752,27,87,23:46:49
1753,27,87,23:46:52
1754,27,87,23:46:54
1755,27,87,23:46:56
1756,27,87,23:46:58
1757,27,87,23:47:00
1758,27,87,23:47:02
1759,27,87,23:47:05
1760,27,88,23:47:07
1761,27,88,23:47:09
1762,27,88,23:47:11
1763,27,88,23:47:13
1764,27,88,23:47:15
1765,27,88,23:47:18
1766,27,88,23:47:20
1767,27,88,23:47:22
1768,27,88,23:47:24
1769,27,88,23:47:26
1770,27,88,23:47:28
1771,27,88,23:47:31
1772,27,88,23:47:33
1773,27,88,23:47:35
1774,27,88,23:47:37
1775,27,88,23:47:39
1776,27,88,23:47:42
1777,27,88,23:47:44
1778,27,88,23:47:46
1779,27,88,23:47:48
1780,27,89,23:47:50
1781,27,89,23:47:53
1782,27,89,23:47:55
1783,27,89,23:47:57
1784,27,89,23:47:59
1785,27,89,23:48:01
1786,27,89,23:48:03
1787,27,89,23:48:06
1788,27,89,23:48:08
1789,27,89,23:48:10
1790,27,89,23:48:12
1791,27,89,23:48:14
1792,27,89,23:48:17
1793,27,89,23:48:19
1794,27,89,23:48:21
1795,27,89,23:48:23
1796,27,89,23:48:25
1797,27,89,23:48:27
1798,27,89,23:48:30
1799,27,89,23:48:32
1800,27,90,23:48:34
1801,27,90,23:48:36
1802,27,90,23:48:38
1803,27,90,23:48:41
1804,27,90,23:48:43
1805,27,90,23:48:45
1806,27,90,23:48:47
1807,27,90,23:48:49
1808,27,90,23:48:51
1809,27,90,23:48:54
1810,27,90,23:48:56
1811,27,90,23:48:58
1812,27,90,23:49:00
1813,27,90,23:49:02
1814,27,90,23:49:05
1815,27,90,23:49:07
1816,27,90,23:49:09
1817,27,90,23:49:11
1818,27,90,23:49:13
1819,27,90,23:49:16
1820,27,91,23:49:18
1821,27,91,23:49:20
1822,27,91,23:49:22
1823,27,91,23:49:24
1824,27,91,23:49:27
1825,27,91,23:49:29
1826,27,91,23:49:31
1827,27,91,23:49:33
1828,27,91,23:49:35
1829,27,91,23:49:38
1830,27,91,23:49:40
1831,27,91,23:49:42
1832,27,91,23:49:44
1833,27,91,23:49:46
1834,27,91,23:49:49
1835,27,91,23:49:51
1836,27,91,23:49:53
1837,27,91,23:49:55
1838,27,91,23:49:57
1839,27,91,23:50:00
1840,27,92,23:50:02
1841,27,92,23:50:04
1842,27,92,23:50:06
1843,27,92,23:50:08
1844,27,92,23:50:11
1845,27,92,23:50:13
1846,27,92,23:50:15
1847,27,92,23:50:17
1848,27,92,23:50:19
1849,27,92,23:50:22
1850,27,92,23:50:24
1851,27,92,23:50:26
1852,27,92,23:50:28
1853,27,92,23:50:31
1854,27,92,23:50:33
1855,27,92,23:50:35
1856,27,92,23:50:37
1857,27,92,23:50:39
1858,27,92,23:50:42
1859,27,92,23:50:44
1860,27,93,23:50:46
1861,27,93,23:50:48
1862,27,93,23:50:50
1863,27,93,23:50:53
1864,27,93,23:50:55
1865,27,93,23:50:57
1866,27,93,23:50:59
1867,27,93,23:51:01
1868,27,93,23:51:04
1869,27,93,23:51:06
1870,27,93,23:51:08
1871,27,93,23:51:10
1872,27,93,23:51:13
1873,27,93,23:51:15
1874,27,93,23:51:17
1875,27,93,23:51:19
1876,27,93,23:51:21
1877,27,93,23:51:24
1878,27,93,23:51:26
1879,27,93,23:51:28
1880,27,94,23:51:30
1881,27,94,23:51:33
1882,26,94,23:51:35
1883,27,94,23:51:37
1884,27,94,23:51:39
1885,27,94,23:51:41
1886,27,94,23:51:44
1887,27,94,23:51:46
1888,27,94,23:51:48
1889,27,94,23:51:50
1890,27,94,23:51:52
1891,27,94,23:51:55
1892,27,94,23:51:57
1893,27,94,23:51:59
1894,27,94,23:52:01
1895,27,94,23:52:04
1896,27,94,23:52:06
1897,27,94,23:52:08
1898,27,94,23:52:10
1899,27,94,23:52:13
1900,27,95,23:52:15
1901,27,95,23:52:17
1902,27,95,23:52:19
1903,26,95,23:52:21
1904,26,95,23:52:24
1905,27,95,23:52:26
1906,27,95,23:52:28
1907,27,95,23:52:30
1908,26,95,23:52:33
1909,26,95,23:52:35
1910,26,95,23:52:37
1911,26,95,23:52:39
1912,26,95,23:52:42
1913,26,95,23:52:44
1914,26,95,23:52:46
1915,26,95,23:52:48
1916,26,95,23:52:50
1917,26,95,23:52:53
1918,26,95,23:52:55
1919,26,95,23:52:57
1920,26,96,23:52:59
1921,26,96,23:53:02
1922,26,96,23:53:04
1923,26,96,23:53:06
1924,26,96,23:53:08
1925,26,96,23:53:11
1926,26,96,23:53:13
1927,26,96,23:53:15
1928,26,96,23:53:17
1929,26,96,23:53:20
1930,26,96,23:53:22
1931,26,96,23:53:24
1932,26,96,23:53:26
1933,26,96,23:53:29
1934,26,96,23:53:31
1935,26,96,23:53:33
1936,26,96,23:53:35
1937,26,96,23:53:38
1938,26,96,23:53:40
1939,26,96,23:53:42
1940,26,97,23:53:44
1941,26,97,23:53:47
1942,26,97,23:53:49
1943,26,97,23:53:51
1944,26,97,23:53:53
1945,26,97,23:53:56
1946,26,97,23:53:58
1947,26,97,23:54:00
1948,26,97,23:54:02
1949,26,97,23:54:05
1950,26,97,23:54:07
1951,26,97,23:54:09
1952,26,97,23:54:11
1953,26,97,23:54:14
1954,26,97,23:54:16
1955,26,97,23:54:18
1956,26,97,23:54:20
1957,26,97,23:54:23
1958,26,97,23:54:25
1959,26,97,23:54:27
1960,26,98,23:54:29
1961,26,98,23:54:32
1962,26,98,23:54:34
1963,26,98,23:54:36
1964,26,98,23:54:38
1965,26,98,23:54:41
1966,26,98,23:54:43
1967,26,98,23:54:45
1968,26,98,23:54:48
1969,26,98,23:54:50
1970,26,98,23:54:52
1971,26,98,23:54:54
1972,26,98,23:54:57
1973,26,98,23:54:59
1974,26,98,23:55:01
1975,26,98,23:55:03
1976,26,98,23:55:06
1977,26,98,23:55:08
1978,26,98,23:55:10
1979,26,98,23:55:12
1980,26,99,23:55:15
1981,26,99,23:55:17
1982,26,99,23:55:19
1983,26,99,23:55:22
1984,26,99,23:55:24
1985,26,99,23:55:26
1986,26,99,23:55:28
1987,26,99,23:55:31
1988,26,99,23:55:33
1989,26,99,23:55:35
1990,26,99,23:55:37
1991,26,99,23:55:40
1992,26,99,23:55:42
1993,26,99,23:55:44
1994,26,99,23:55:47
1995,26,99,23:55:49
1996,26,99,23:55:51
1997,26,99,23:55:53
1998,26,99,23:55:56
1999,26,99,23:55:58
2000,26,100,23:56:00
2001,26,100,23:56:02
2002,26,100,23:56:05
2003,26,100,23:56:07
2004,26,100,23:56:09
2005,26,100,23:56:12
2006,26,100,23:56:14
2007,26,100,23:56:16
2008,26,100,23:56:18
2009,26,100,23:56:21
2010,26,100,23:56:23
2011,26,100,23:56:25
2012,26,100,23:56:28
2013,26,100,23:56:30
2014,26,100,23:56:32
2015,26,100,23:56:34
2016,26,100,23:56:37
2017,26,100,23:56:39
2018,26,100,23:56:41
2019,26,100,23:56:44
2020,26,101,23:56:46
2021,26,101,23:56:48
2022,26,101,23:56:50
2023,26,101,23:56:53
2024,26,101,23:56:55
2025,26,101,23:56:57
2026,26,101,23:57:00
2027,26,101,23:57:02
2028,26,101,23:57:04
2029,26,101,23:57:06
2030,26,101,23:57:09
2031,26,101,23:57:11
2032,26,101,23:57:13
2033,26,101,23:57:16
2034,26,101,23:57:18
2035,26,101,23:57:20
2036,26,101,23:57:22
2037,26,101,23:57:25
2038,26,101,23:57:27
2039,26,101,23:57:29
2040,26,102,23:57:32
2041,26,102,23:57:34
2042,26,102,23:57:36
2043,26,102,23:57:38
2044,26,102,23:57:41
2045,26,102,23:57:43
2046,26,102,23:57:45
2047,26,102,23:57:48
2048,26,102,23:57:50
2049,26,102,23:57:52
2050,26,102,23:57:54
2051,26,102,23:57:57
2052,26,102,23:57:59
2053,26,102,23:58:01
2054,26,102,23:58:04
2055,26,102,23:58:06
2056,26,102,23:58:08
2057,26,102,23:58:11
2058,26,102,23:58:13
2059,26,102,23:58:15
2060,26,103,23:58:18
2061,26,103,23:58:20
2062,26,103,23:58:22
2063,26,103,23:58:24
2064,26,103,23:58:27
2065,26,103,23:58:29
2066,26,103,23:58:31
2067,26,103,23:58:34
2068,26,103,23:58:36
2069,26,103,23:58:38
2070,26,103,23:58:40
2071,26,103,23:58:43
2072,26,103,23:58:45
2073,26,103,23:58:47
2074,26,103,23:58:50
2075,26,103,23:58:52
2076,26,103,23:58:54
2077,26,103,23:58:57
2078,26,103,23:58:59
2079,26,103,23:59:01
2080,26,104,23:59:04
2081,26,104,23:59:06
2082,26,104,23:59:08
2083,26,104,23:59:10
2084,26,104,23:59:13
2085,26,104,23:59:15
2086,26,104,23:59:17
2087,26,104,23:59:20
2088,26,104,23:59:22
2089,26,104,23:59:24
2090,26,104,23:59:27
2091,26,104,23:59:29
2092,26,104,23:59:31
2093,26,104,23:59:34
2094,26,104,23:59:36
2095,26,104,23:59:38
2096,26,104,23:59:41
2097,26,104,23:59:43
2098,26,104,23:59:45
2099,26,104,23:59:48
2100,26,105,23:59:50
2101,26,105,23:59:52
2102,26,105,23:59:54
2103,25,105,23:59:57
2104,26,105,23:59:59
2105,26,105,00:00:01
2106,25,105,00:00:04
2107,25,105,00:00:06
2108,26,105,00:00:08
2109,26,105,00:00:11
2110,25,105,00:00:13
2111,25,105,00:00:15
2112,26,105,00:00:18
2113,25,105,00:00:20
2114,25,105,00:00:22
2115,25,105,00:00:25
2116,25,105,00:00:27
2117,25,105,00:00:29
2118,25,105,00:00:32
2119,25,105,00:00:34
2120,25,106,00:00:36
2121,26,106,00:00:39
2122,25,106,00:00:41
2123,25,106,00:00:43
2124,25,106,00:00:46
2125,25,106,00:00:48
2126,26,106,00:00:50
2127,26,106,00:00:52
2128,26,106,00:00:55
2129,26,106,00:00:57
2130,26,106,00:00:59
2131,26,106,00:01:02
2132,26,106,00:01:04
2133,25,106,00:01:06
2134,26,106,00:01:09
2135,25,106,00:01:11
2136,26,106,00:01:13
2137,25,106,00:01:16
2138,25,106,00:01:18
2139,25,106,00:01:20
2140,25,107,00:01:23
2141,25,107,00:01:25
2142,26,107,00:01:27
2143,25,107,00:01:30
2144,25,107,00:01:32
2145,25,107,00:01:34
2146,25,107,00:01:37
2147,25,107,00:01:39
2148,25,107,00:01:41
2149,25,107,00:01:44
2150,25,107,00:01:46
2151,25,107,00:01:48
2152,25,107,00:01:50
2153,25,107,00:01:53
2154,25,107,00:01:55
2155,25,107,00:01:57
2156,25,107,00:02:00
2157,26,107,00:02:02
2158,25,107,00:02:04
2159,25,107,00:02:07
2160,25,108,00:02:09
2161,25,108,00:02:11
2162,25,108,00:02:14
2163,25,108,00:02:16
2164,25,108,00:02:18
2165,25,108,00:02:21
2166,25,108,00:02:23
2167,25,108,00:02:25
2168,25,108,00:02:28
2169,25,108,00:02:30
2170,25,108,00:02:32
2171,25,108,00:02:35
2172,25,108,00:02:37
2173,25,108,00:02:39
2174,25,108,00:02:42
2175,25,108,00:02:44
2176,25,108,00:02:46
2177,25,108,00:02:49
2178,25,108,00:02:51
2179,25,108,00:02:53
2180,25,109,00:02:56
2181,25,109,00:02:58
2182,25,109,00:03:00
2183,25,109,00:03:03
2184,25,109,00:03:05
2185,25,109,00:03:07
2186,25,109,00:03:10
2187,25,109,00:03:12
2188,25,109,00:03:14
2189,25,109,00:03:17
2190,25,109,00:03:19
2191,25,109,00:03:21
2192,25,109,00:03:23
2193,25,109,00:03:26
2194,25,109,00:03:28
2195,25,109,00:03:30
2196,25,109,00:03:33
2197,25,109,00:03:35
2198,25,109,00:03:37
2199,25,109,00:03:40
2200,25,110,00:03:42
2201,25,110,00:03:44
2202,25,110,00:03:47
2203,25,110,00:03:49
2204,25,110,00:03:51
2205,25,110,00:03:54
2206,25,110,00:03:56
2207,25,110,00:03:58
2208,25,110,00:04:01
2209,25,110,00:04:03
2210,25,110,00:04:05
2211,25,110,00:04:08
2212,25,110,00:04:10
2213,25,110,00:04:12
2,25,0,00:05:08
2,25,0,00:06:40
